Sample	SampleSum	WeightedSampleSum	Weight	Entropy
JE_Soil_1	3.87295e+06	2.09132e+06	8.09959e+12	0.00124176
JE_Soil_2	5.08216e+06	2.96325e+06	1.50597e+13	0.00172563
JE_Soil_3	3.82914e+06	1.9097e+06	7.31252e+12	0.00116509
JE_Soil_4	2.07816e+06	887323	1.844e+12	0.000774388
JE_Soil_5	1.10225e+07	7.72257e+06	8.5122e+13	0.00284637
JE_Soil_6	4.13317e+06	2.27957e+06	9.42186e+12	0.00145171
JE_Soil_7	6.89838e+06	4.0075e+06	2.76453e+13	0.00185179
JE_Soil_8	2.10768e+06	933171	1.96683e+12	0.000766536
JE_Soil_12	1.63859e+06	694566	1.13811e+12	0.000566734
JE_Soil_13	5.96166e+06	3.67548e+06	2.1912e+13	0.00192974
JE_Soil_14	4.72058e+06	2.69404e+06	1.27174e+13	0.00156517
JE_Soil_15	2.82492e+06	1.30269e+06	3.68e+12	0.00109638
JE_Soil_16	1.75864e+06	734074	1.29097e+12	0.000658384
JE_Soil_17	4.83326e+06	2.86841e+06	1.38638e+13	0.00146879
JE_Soil_18	4.54084e+06	2.56242e+06	1.16355e+13	0.00159048
JE_Soil_19	4.23792e+06	2.19469e+06	9.3009e+12	0.00123943
JE_Soil_20	2.00292e+06	855104	1.71271e+12	0.000755423
JE_Soil_21	4.07444e+06	2.32649e+06	9.47915e+12	0.00149093
JE_Soil_22	5.57343e+06	3.29008e+06	1.8337e+13	0.00178643
JE_Soil_23	4.34759e+06	2.27485e+06	9.89011e+12	0.00133249
JE_Soil_24	1.84376e+06	788481	1.45377e+12	0.000723316
JE_Soil_26	4.92863e+06	2.90219e+06	1.43038e+13	0.00170358
JE_Soil_27	2.21608e+06	954251	2.1147e+12	0.000780367
JE_Soil_28	2.08322e+06	871002	1.81449e+12	0.000657806
JE_Soil_29	4.26954e+06	2.43699e+06	1.04048e+13	0.0014771
JE_Soil_30	4.18886e+06	2.34559e+06	9.82534e+12	0.00146163
JE_Soil_31	658402	218529	1.4388e+11	0.000413242
JE_Soil_32	3.49008e+06	1.7424e+06	6.08111e+12	0.00103955
JE_Soil_33	3.74961e+06	2.12595e+06	7.97148e+12	0.0013034
JE_Soil_34	3.34843e+06	1.73744e+06	5.8177e+12	0.00129818
JE_Soil_35	3.44641e+06	1.65955e+06	5.7195e+12	0.00108239
JE_Soil_36	2.11633e+06	928649	1.96533e+12	0.000717175
JE_Soil_37	6.46975e+06	4.05377e+06	2.62269e+13	0.00196052
JE_Soil_38	4.39982e+06	2.43772e+06	1.07255e+13	0.00155673
JE_Soil_39	3.18721e+06	1.45684e+06	4.64327e+12	0.00102173
JE_Soil_40	1.25385e+06	492178	6.17117e+11	0.000492699
JE_Soil_41	4.3224e+06	2.4471e+06	1.05773e+13	0.00145478
JE_Soil_42	4.79667e+06	2.71315e+06	1.30141e+13	0.00159671
JE_Soil_43	3.90775e+06	1.92446e+06	7.52029e+12	0.00124322
JE_Soil_44	2.07213e+06	889283	1.84271e+12	0.000700343
JE_Soil_45	3.92292e+06	2.19999e+06	8.63037e+12	0.00137049
JE_Soil_46	4.3704e+06	2.39129e+06	1.04509e+13	0.00153659
JE_Soil_47	3.39269e+06	1.60703e+06	5.45214e+12	0.00113454
JE_Soil_48	1.42612e+06	554060	7.90153e+11	0.00054804
JE_Soil_50	9.99846e+06	6.79383e+06	6.79279e+13	0.00269654
JE_Soil_51	3.99592e+06	2.04637e+06	8.17715e+12	0.00136468
JE_Soil_52	1.44324e+06	566740	8.17939e+11	0.000528733
JE_Soil_54	7.68718e+06	4.90891e+06	3.77357e+13	0.00216838
JE_Soil_56	1.89601e+06	766410	1.45312e+12	0.000678388
JE_Soil_57	5.03729e+06	3.06503e+06	1.54394e+13	0.00163658
JE_Soil_58	6.42275e+06	3.93938e+06	2.53016e+13	0.0019676
JE_Soil_59	3.45261e+06	1.62961e+06	5.62642e+12	0.00103838
JE_Soil_60	838313	346559	2.90525e+11	0.000369761
JE_Soil_62	4.91506e+06	2.80348e+06	1.37793e+13	0.00151141
JE_Soil_63	3.26148e+06	1.50025e+06	4.89303e+12	0.00100382
JE_Soil_64	2.33474e+06	1.06273e+06	2.4812e+12	0.000767242
JE_Soil_66	6.53477e+06	3.9721e+06	2.59568e+13	0.00195575
JE_Soil_67	2.93492e+06	1.35595e+06	3.97961e+12	0.000941408
JE_Soil_68	2.18594e+06	892367	1.95066e+12	0.000741698
JE_Soil_70	6.00648e+06	3.56061e+06	2.13867e+13	0.00185735
JE_Soil_71	3.43326e+06	1.56934e+06	5.38796e+12	0.00101003
JE_Soil_72	911202	337642	3.0766e+11	0.000427176
JE_Soil_74	9.28073e+06	6.25297e+06	5.80321e+13	0.00246192
JE_Soil_75	3.61165e+06	1.78679e+06	6.45327e+12	0.00115789
JE_Soil_76	1.46794e+06	536492	7.87537e+11	0.000585598
JE_Soil_78	6.95871e+06	4.32621e+06	3.01049e+13	0.00198469
JE_Soil_80	1.45003e+06	561932	8.14819e+11	0.000519499
JE_Soil_82	6.20442e+06	3.80218e+06	2.35903e+13	0.00191215
JE_Soil_83	3.69966e+06	1.79843e+06	6.65357e+12	0.00108931
JE_Soil_84	718128	250983	1.80238e+11	0.000341596
JE_Soil_86	4.62432e+06	2.52938e+06	1.16966e+13	0.00144746
JE_Soil_87	4.16918e+06	2.05559e+06	8.57014e+12	0.00124252
JE_Soil_88	1.11965e+06	443485	4.96548e+11	0.000459675
JE_Soil_91	2.96401e+06	1.35308e+06	4.01054e+12	0.0010163
JE_Soil_92	995306	392567	3.90724e+11	0.000454193
JE_Soil_95	4.22916e+06	2.11702e+06	8.95324e+12	0.00137468
JE_Soil_96	1.53991e+06	660387	1.01694e+12	0.000599202
JE_Soil_98	9.26334e+06	6.28647e+06	5.82337e+13	0.0027224
JE_Soil_99	4.04777e+06	2.2423e+06	9.07633e+12	0.00127461
JE_Soil_100	5.71955e+06	3.44081e+06	1.96799e+13	0.00163325
JE_Soil_101	3.794e+06	2.06708e+06	7.8425e+12	0.00127384
JE_Soil_102	1.27465e+07	9.01646e+06	1.14928e+14	0.00335408
JE_Soil_103	4.45242e+06	2.45807e+06	1.09443e+13	0.00146198
JE_Soil_104	2.86962e+06	1.4811e+06	4.25019e+12	0.000979255
JE_Soil_105	8.20935e+06	5.5052e+06	4.51941e+13	0.00242922
JE_Soil_106	3.88928e+06	2.18368e+06	8.49296e+12	0.0012479
JE_Soil_107	3.88166e+06	2.15485e+06	8.3644e+12	0.00128785
JE_Soil_108	5.65628e+06	3.41677e+06	1.93262e+13	0.00157195
JE_Soil_109	6.47113e+06	4.09279e+06	2.6485e+13	0.00220608
JE_Soil_110	8.1884e+06	5.24744e+06	4.29681e+13	0.00246262
JE_Soil_111	5.0274e+06	2.8979e+06	1.45689e+13	0.00161458
JE_Soil_112	5.02046e+06	2.93978e+06	1.47591e+13	0.00149801
JE_Soil_113	6.96782e+06	4.46296e+06	3.10971e+13	0.00218514
JE_Soil_115	4.19105e+06	2.30235e+06	9.64927e+12	0.00134472
JE_Soil_116	2.91787e+06	1.50448e+06	4.38989e+12	0.00100956
JE_Soil_117	9.25031e+06	6.22766e+06	5.76078e+13	0.00275223
JE_Soil_118	8.93949e+06	5.87344e+06	5.25056e+13	0.00264272
JE_Soil_119	5.38942e+06	3.22872e+06	1.74009e+13	0.00158576
JE_Soil_120	5.54048e+06	3.37366e+06	1.86917e+13	0.00167434
JE_Soil_121	3.23066e+06	1.7324e+06	5.59678e+12	0.000725519
JE_Soil_122	9.71155e+06	6.61408e+06	6.4233e+13	0.00265847
JE_Soil_124	2.21263e+06	1.06988e+06	2.36724e+12	0.000734393
JE_Soil_125	4.9862e+06	2.99152e+06	1.49163e+13	0.00176343
JE_Soil_126	6.55635e+06	4.03275e+06	2.64401e+13	0.00214622
JE_Soil_127	4.16296e+06	2.20026e+06	9.15959e+12	0.00122694
JE_Soil_128	2.60388e+06	1.34775e+06	3.50938e+12	0.00085496
JE_Soil_129	7.7403e+06	5.11929e+06	3.96248e+13	0.0024061
JE_Soil_130	1.02062e+07	6.95898e+06	7.10246e+13	0.00290698
JE_Soil_131	2.65547e+06	1.27981e+06	3.3985e+12	0.000913003
JE_Soil_133	1.93248e+06	908128	1.75493e+12	0.000649822
JE_Soil_134	4.56991e+06	2.61855e+06	1.19666e+13	0.00166152
JE_Soil_135	3.67815e+06	1.91487e+06	7.04315e+12	0.000965804
JE_Soil_136	2.59683e+06	1.30403e+06	3.38634e+12	0.000851709
JE_Soil_138	8.15531e+06	5.18365e+06	4.22743e+13	0.00239882
JE_Soil_139	3.3237e+06	1.67416e+06	5.5644e+12	0.000999842
JE_Soil_141	3.93057e+06	2.19689e+06	8.63504e+12	0.000888845
JE_Soil_142	4.57007e+06	2.62798e+06	1.201e+13	0.00169939
JE_Soil_143	4.7522e+06	2.6155e+06	1.24294e+13	0.0013333
JE_Soil_144	1.31745e+06	554646	7.30718e+11	0.000558592
JE_Soil_177	5.89512e+06	3.51472e+06	2.07197e+13	0.00141175
JE_Soil_178	1.07136e+07	7.36955e+06	7.89546e+13	0.00268876
JE_Soil_179	5.86017e+06	3.32617e+06	1.94919e+13	0.00152156
JE_Soil_180	2.51322e+06	1.14418e+06	2.87557e+12	0.000743756
JE_Soil_181	8.10133e+06	5.2786e+06	4.27637e+13	0.00207679
JE_Soil_182	6.97288e+06	4.42499e+06	3.08549e+13	0.00189618
JE_Soil_183	8.40065e+06	5.20925e+06	4.37611e+13	0.00200538
JE_Soil_184	2.55076e+06	1.22055e+06	3.11334e+12	0.000812827
JE_Soil_185	5.03219e+06	3.05264e+06	1.53615e+13	0.00154041
JE_Soil_186	6.87902e+06	4.34167e+06	2.98664e+13	0.00193437
JE_Soil_187	6.10646e+06	3.48841e+06	2.13018e+13	0.00152386
JE_Soil_188	2.04355e+06	922095	1.88435e+12	0.000693608
JE_Soil_189	8.43439e+06	5.54239e+06	4.67467e+13	0.00206347
JE_Soil_190	4.96904e+06	2.86929e+06	1.42576e+13	0.00150008
JE_Soil_191	6.36744e+06	3.6461e+06	2.32163e+13	0.00151588
JE_Soil_192	3.51261e+06	1.78536e+06	6.27129e+12	0.000901024
JE_Soil_193	7.11607e+06	4.52458e+06	3.21972e+13	0.00185775
JE_Soil_194	4.13345e+06	2.25901e+06	9.33749e+12	0.0013719
JE_Soil_195	6.53716e+06	3.75896e+06	2.45729e+13	0.001594
JE_Soil_196	1.63332e+06	703332	1.14877e+12	0.000543174
JE_Soil_197	7.67146e+06	4.89809e+06	3.75755e+13	0.00202275
JE_Soil_198	7.93569e+06	5.13284e+06	4.07327e+13	0.00206943
JE_Soil_199	6.02212e+06	3.36159e+06	2.02439e+13	0.00157034
JE_Soil_200	1.9992e+06	901251	1.80178e+12	0.000667464
JE_Soil_202	9.9468e+06	6.80909e+06	6.77286e+13	0.00270159
JE_Soil_204	1.84143e+06	792557	1.45944e+12	0.000629626
JE_Soil_206	7.38055e+06	4.66671e+06	3.44429e+13	0.00193547
JE_Soil_208	2.76285e+06	1.34458e+06	3.71489e+12	0.000825027
JE_Soil_210	1.13216e+07	7.84843e+06	8.88565e+13	0.00276494
JE_Soil_211	4.60077e+06	2.4323e+06	1.11905e+13	0.00120106
JE_Soil_212	1.17878e+06	472305	5.56744e+11	0.000428066
JE_Soil_214	6.0475e+06	3.67205e+06	2.22067e+13	0.00169865
JE_Soil_215	5.29401e+06	2.79775e+06	1.48113e+13	0.00140638
JE_Soil_216	1.94108e+06	854119	1.65791e+12	0.000640538
JE_Soil_218	8.61454e+06	5.56528e+06	4.79424e+13	0.0022064
JE_Soil_219	6.66885e+06	3.88154e+06	2.58854e+13	0.00164322
JE_Soil_220	2.90662e+06	1.38949e+06	4.03871e+12	0.000935996
JE_Soil_222	5.89488e+06	3.50455e+06	2.06589e+13	0.00171069
JE_Soil_223	5.00227e+06	2.71209e+06	1.35666e+13	0.00123332
JE_Soil_224	1.96248e+06	865439	1.6984e+12	0.000728785
JE_Soil_227	5.65655e+06	3.15908e+06	1.78695e+13	0.00156215
JE_Soil_228	3.42471e+06	1.60008e+06	5.47982e+12	0.000985877
JE_Soil_229	6.37324e+06	4.03311e+06	2.57039e+13	0.00176927
JE_Soil_231	5.78268e+06	3.26253e+06	1.88662e+13	0.00146689
JE_Soil_232	2.4685e+06	1.04978e+06	2.59138e+12	0.000778415
JE_Soil_233	6.04256e+06	3.87939e+06	2.34415e+13	0.00178312
JE_Soil_234	5.45286e+06	3.2994e+06	1.79912e+13	0.00168732
JE_Soil_235	5.43035e+06	2.93071e+06	1.59148e+13	0.00145083
JE_Soil_236	1.86094e+06	747899	1.39179e+12	0.000634822
JE_Soil_239	4.26781e+06	2.11322e+06	9.01883e+12	0.00127593
JE_Soil_240	2.31956e+06	959278	2.2251e+12	0.000728236
JE_Soil_241	7.43772e+06	4.77077e+06	3.54837e+13	0.00186498
JE_Soil_244	2.1177e+06	857972	1.81693e+12	0.000719089
JE_Soil_248	1.53393e+06	659890	1.01222e+12	0.000552822
JE_Soil_249	1.25192e+07	8.90043e+06	1.11426e+14	0.00296796
JE_Soil_250	7.66399e+06	4.79056e+06	3.67148e+13	0.00207892
JE_Soil_252	2.45974e+06	1.10858e+06	2.72681e+12	0.00083629
JE_Soil_253	7.84882e+06	5.06839e+06	3.97809e+13	0.00206029
JE_Soil_254	1.11672e+07	7.56323e+06	8.44603e+13	0.00266843
JE_Soil_256	3.36756e+06	1.58035e+06	5.32194e+12	0.000990476
JE_Soil_257	5.62855e+06	3.49349e+06	1.96633e+13	0.00175545
JE_Soil_258	7.5464e+06	4.72664e+06	3.56691e+13	0.00210107
JE_Soil_260	2.11203e+06	875087	1.84821e+12	0.000692751
JE_Soil_262	9.1029e+06	5.88428e+06	5.35641e+13	0.00238985
JE_Soil_264	2.5952e+06	1.16266e+06	3.01733e+12	0.000775968
JE_Soil_265	8.08125e+06	5.32525e+06	4.30347e+13	0.00213243
JE_Soil_266	7.14674e+06	4.40783e+06	3.15016e+13	0.00195968
JE_Soil_268	2.67147e+06	1.14816e+06	3.06729e+12	0.000859828
JE_Soil_269	8.14021e+06	5.3014e+06	4.31545e+13	0.00215499
JE_Soil_270	8.07067e+06	5.1198e+06	4.13202e+13	0.00218856
JE_Soil_272	1.76119e+06	821218	1.44632e+12	0.000590208
JE_Soil_273	6.8507e+06	4.3946e+06	3.01061e+13	0.00202399
JE_Soil_274	6.29165e+06	3.91593e+06	2.46376e+13	0.00197868
JE_Soil_276	2.2385e+06	1.09095e+06	2.44209e+12	0.000723752
JE_Soil_278	6.73324e+06	4.21112e+06	2.83545e+13	0.00206676
JE_Soil_279	7.08218e+06	4.37711e+06	3.09995e+13	0.00179751
JE_Soil_280	2.89408e+06	1.49295e+06	4.3207e+12	0.000901155
JE_Soil_281	5.76347e+06	3.55715e+06	2.05015e+13	0.00188511
JE_Soil_282	6.32834e+06	3.87022e+06	2.4492e+13	0.00202532
JE_Soil_283	5.63087e+06	3.27934e+06	1.84655e+13	0.00156901
JE_Soil_284	2.33395e+06	1.11989e+06	2.61377e+12	0.000801518
JE_Soil_285	7.09293e+06	4.56111e+06	3.23516e+13	0.00200656
JE_Soil_286	7.87933e+06	5.07854e+06	4.00155e+13	0.00230668
JE_Soil_287	8.34671e+06	5.32295e+06	4.44291e+13	0.00221239
JE_Soil_288	1.25102e+06	608251	7.60933e+11	0.000489022
JE_Soil_290	5.98136e+06	3.60776e+06	2.15793e+13	0.00189912
JE_Soil_291	7.05317e+06	4.37289e+06	3.08427e+13	0.00194215
JE_Soil_293	7.72293e+06	4.93798e+06	3.81357e+13	0.00221038
JE_Soil_294	1.65703e+07	1.21311e+07	2.01016e+14	0.00389912
JE_Soil_295	6.02941e+06	3.6032e+06	2.17251e+13	0.0018067
JE_Soil_296	3.48064e+06	1.88645e+06	6.56607e+12	0.00114033
JE_Soil_298	1.25668e+07	8.85414e+06	1.11269e+14	0.00309383
JE_Soil_300	4.21015e+06	2.38018e+06	1.00209e+13	0.00126646
JE_Soil_301	1.06514e+07	7.30053e+06	7.77608e+13	0.00278559
JE_Soil_302	1.38758e+07	9.96739e+06	1.38306e+14	0.00352135
JE_Soil_303	5.40248e+06	3.14347e+06	1.69825e+13	0.00145495
JE_Soil_304	3.56685e+06	1.94258e+06	6.9289e+12	0.00109238
JE_Soil_307	6.65883e+06	4.08707e+06	2.72151e+13	0.00178954
JE_Soil_308	4.27306e+06	2.48448e+06	1.06163e+13	0.00124479
JE_Soil_309	8.83724e+06	5.84527e+06	5.1656e+13	0.0025059
JE_Soil_310	7.10834e+06	4.49779e+06	3.19718e+13	0.00214222
JE_Soil_312	2.56144e+06	1.33169e+06	3.41104e+12	0.00086614
JE_Soil_314	8.95575e+06	5.83665e+06	5.22715e+13	0.00260559
JE_Soil_315	3.13776e+06	1.73065e+06	5.43036e+12	0.000999028
JE_Soil_316	4.35044e+06	2.50507e+06	1.08981e+13	0.00127098
JE_Soil_318	8.72156e+06	5.71145e+06	4.98127e+13	0.00249852
JE_Soil_319	5.21358e+06	3.01526e+06	1.57203e+13	0.00149814
JE_Soil_320	3.0623e+06	1.57869e+06	4.83443e+12	0.000989845
