Sample	SampleSum	WeightedSampleSum	Weight	Entropy
JE_Soil_50	9.99846e+06	7.52903e+06	7.52788e+13	0.00269654
JE_Soil_51	3.99592e+06	2.49163e+06	9.95638e+12	0.00136468
JE_Soil_52	1.44324e+06	786153	1.1346e+12	0.000528733
JE_Soil_54	7.68718e+06	5.59556e+06	4.30141e+13	0.00216838
JE_Soil_56	1.89601e+06	1.02797e+06	1.94904e+12	0.000678388
JE_Soil_57	5.03729e+06	3.52567e+06	1.77598e+13	0.00163658
JE_Soil_58	6.42275e+06	4.56519e+06	2.93211e+13	0.0019676
JE_Soil_59	3.45261e+06	2.04153e+06	7.0486e+12	0.00103838
JE_Soil_60	838313	439985	3.68845e+11	0.000369761
JE_Soil_62	4.91506e+06	3.2861e+06	1.61514e+13	0.00151141
JE_Soil_63	3.26148e+06	1.90586e+06	6.21593e+12	0.00100382
JE_Soil_64	2.33474e+06	1.395e+06	3.25695e+12	0.000767242
JE_Soil_66	6.53477e+06	4.53769e+06	2.96527e+13	0.00195575
JE_Soil_67	2.93492e+06	1.71028e+06	5.01954e+12	0.000941408
JE_Soil_68	2.18594e+06	1.2133e+06	2.65221e+12	0.000741698
JE_Soil_70	6.00648e+06	4.12231e+06	2.47606e+13	0.00185735
JE_Soil_71	3.43326e+06	2.02432e+06	6.95004e+12	0.00101003
JE_Soil_72	911202	458782	4.18043e+11	0.000427176
JE_Soil_74	9.28073e+06	7.00959e+06	6.50541e+13	0.00246192
JE_Soil_75	3.61165e+06	2.2036e+06	7.95861e+12	0.00115789
JE_Soil_76	1.46794e+06	779197	1.14381e+12	0.000585598
JE_Soil_78	6.95871e+06	5.00528e+06	3.48303e+13	0.00198469
JE_Soil_80	1.45003e+06	787135	1.14137e+12	0.000519499
JE_Soil_82	6.20442e+06	4.36728e+06	2.70964e+13	0.00191215
JE_Soil_83	3.69966e+06	2.24284e+06	8.29776e+12	0.00108931
JE_Soil_84	718128	343292	2.46528e+11	0.000341596
JE_Soil_86	4.62432e+06	3.00018e+06	1.38738e+13	0.00144746
JE_Soil_87	4.16918e+06	2.56711e+06	1.07027e+13	0.00124252
JE_Soil_88	1.11965e+06	591346	6.621e+11	0.000459675
JE_Soil_91	2.96401e+06	1.69811e+06	5.03321e+12	0.0010163
JE_Soil_92	995306	522837	5.20382e+11	0.000454193
JE_Soil_95	4.22916e+06	2.61659e+06	1.1066e+13	0.00137468
JE_Soil_96	1.53991e+06	878355	1.35259e+12	0.000599202
JE_Soil_227	5.65655e+06	3.81395e+06	2.15738e+13	0.00156215
JE_Soil_228	3.42471e+06	2.15715e+06	7.38763e+12	0.000985877
JE_Soil_229	6.37324e+06	4.53886e+06	2.89272e+13	0.00176927
JE_Soil_231	5.78268e+06	3.92821e+06	2.27156e+13	0.00146689
JE_Soil_232	2.4685e+06	1.4396e+06	3.55366e+12	0.000778415
JE_Soil_233	6.04256e+06	4.41713e+06	2.66908e+13	0.00178312
JE_Soil_234	5.45286e+06	3.79806e+06	2.07103e+13	0.00168732
JE_Soil_235	5.43035e+06	3.58528e+06	1.94693e+13	0.00145083
JE_Soil_236	1.86094e+06	1.05306e+06	1.95967e+12	0.000634822
JE_Soil_239	4.26781e+06	2.66189e+06	1.13605e+13	0.00127593
JE_Soil_240	2.31956e+06	1.35756e+06	3.14893e+12	0.000728236
JE_Soil_241	7.43772e+06	5.42448e+06	4.03458e+13	0.00186498
JE_Soil_244	2.1177e+06	1.22357e+06	2.59116e+12	0.000719089
JE_Soil_248	1.53393e+06	852778	1.3081e+12	0.000552822
JE_Soil_249	1.25192e+07	9.78675e+06	1.22522e+14	0.00296796
JE_Soil_250	7.66399e+06	5.51581e+06	4.22731e+13	0.00207892
JE_Soil_252	2.45974e+06	1.47983e+06	3.63998e+12	0.00083629
JE_Soil_253	7.84882e+06	5.7708e+06	4.5294e+13	0.00206029
JE_Soil_254	1.11672e+07	8.58643e+06	9.58866e+13	0.00266843
JE_Soil_256	3.36756e+06	2.08212e+06	7.01167e+12	0.000990476
JE_Soil_257	5.62855e+06	4.0166e+06	2.26076e+13	0.00175545
JE_Soil_258	7.5464e+06	5.4318e+06	4.09906e+13	0.00210107
JE_Soil_260	2.11203e+06	1.23841e+06	2.61556e+12	0.000692751
JE_Soil_262	9.1029e+06	6.71378e+06	6.11149e+13	0.00238985
JE_Soil_264	2.5952e+06	1.62145e+06	4.20799e+12	0.000775968
JE_Soil_265	8.08125e+06	5.98229e+06	4.83444e+13	0.00213243
JE_Soil_266	7.14674e+06	5.09448e+06	3.64089e+13	0.00195968
JE_Soil_268	2.67147e+06	1.58945e+06	4.24617e+12	0.000859828
JE_Soil_269	8.14021e+06	6.02782e+06	4.90677e+13	0.00215499
JE_Soil_270	8.07067e+06	5.83569e+06	4.70979e+13	0.00218856
JE_Soil_272	1.76119e+06	1.03482e+06	1.82252e+12	0.000590208
JE_TC_4	413198	286897	1.18545e+11	0.000221325
JE_TC_5	353973	214178	7.58131e+10	0.000200224
JE_TC_6	485997	373053	1.81302e+11	0.000205273
JE_TC_7	6.88949e+06	4.89381e+06	3.37159e+13	0.00183787
JE_TC_8	7.00468e+06	5.03244e+06	3.52506e+13	0.00188164
JE_TC_9	6.9211e+06	4.89914e+06	3.39074e+13	0.00186023
JE_TC_10	6.35629e+06	4.33344e+06	2.75446e+13	0.00163025
JE_TC_11	7.25242e+06	5.12507e+06	3.71692e+13	0.00181542
JE_TC_12	5.21721e+06	3.4916e+06	1.82164e+13	0.00142484
JE_TC_13	3.41259e+06	2.00281e+06	6.83478e+12	0.000837564
JE_TC_14	5.16979e+06	3.20546e+06	1.65716e+13	0.000984993
JE_TC_15	4.1241e+06	2.57071e+06	1.06018e+13	0.000929447
JE_TC_16	893244	461633	4.12351e+11	0.000336031
JE_TC_17	852446	468279	3.99182e+11	0.00035203
JE_TC_18	1.02213e+06	534249	5.4607e+11	0.000386947
JE_TC_19	6.84935e+06	4.89674e+06	3.35394e+13	0.00194409
JE_TC_20	8.12573e+06	5.89033e+06	4.78632e+13	0.00203003
JE_TC_21	6.6046e+06	4.71591e+06	3.11467e+13	0.00174142
JE_TC_22	5.40526e+06	3.61428e+06	1.95361e+13	0.0013998
JE_TC_23	7.07096e+06	4.96919e+06	3.5137e+13	0.00177585
JE_TC_24	8.57589e+06	6.16757e+06	5.28924e+13	0.00207006
JE_TC_25	4.15912e+06	2.53813e+06	1.05564e+13	0.000964108
JE_TC_26	3.11572e+06	1.81072e+06	5.64168e+12	0.000747993
JE_TC_27	3.62152e+06	2.18573e+06	7.91567e+12	0.000887822
JE_TC_28	807623	386906	3.12474e+11	0.000333829
JE_TC_29	878852	430129	3.7802e+11	0.000342206
JE_TC_30	736593	370045	2.72573e+11	0.000306732
JE_TC_31	6.01599e+06	4.26876e+06	2.56808e+13	0.00158695
JE_TC_32	6.0936e+06	4.24392e+06	2.58607e+13	0.00167392
JE_TC_33	4.75172e+06	3.09408e+06	1.47022e+13	0.0014705
JE_TC_34	5.2397e+06	3.44844e+06	1.80688e+13	0.00154271
JE_TC_35	5.10459e+06	3.32917e+06	1.6994e+13	0.00151274
JE_TC_36	4.11034e+06	2.54725e+06	1.04701e+13	0.0013007
JE_TC_37	2.68312e+06	1.47475e+06	3.95692e+12	0.0008056
JE_TC_38	3.38346e+06	1.9957e+06	6.75238e+12	0.000799065
JE_TC_40	1.04934e+06	519706	5.45349e+11	0.000406218
JE_TC_41	1.1474e+06	575274	6.60071e+11	0.000417542
JE_TC_42	6.94804e+06	4.94238e+06	3.43399e+13	0.00180271
JE_TC_43	6.46415e+06	4.55151e+06	2.94217e+13	0.00176046
JE_TC_44	8.62896e+06	6.41697e+06	5.53718e+13	0.00214899
JE_TC_45	6.63652e+06	4.57091e+06	3.03349e+13	0.00180236
JE_TC_46	4.40763e+06	2.75429e+06	1.21399e+13	0.000972188
JE_TC_47	933400	486140	4.53764e+11	0.000396846
JE_TC_48	5.8269e+06	3.87949e+06	2.26054e+13	0.00157881
JE_TC_49	5.2569e+06	3.48545e+06	1.83227e+13	0.00147439
JE_TC_50	4.77845e+06	3.0817e+06	1.47257e+13	0.0014082
JE_TC_51	4.51245e+06	2.83216e+06	1.278e+13	0.00128752
JE_TC_52	4.05945e+06	2.51579e+06	1.02127e+13	0.00102748
JE_TC_53	5.11118e+06	3.21512e+06	1.64331e+13	0.00121511
JE_TC_54	2.35205e+06	1.39443e+06	3.27977e+12	0.000745068
JE_TC_55	1.76475e+06	976145	1.72265e+12	0.000599937
JE_TC_56	1.65079e+06	861040	1.4214e+12	0.000594094
JE_TC_57	7.6308e+06	5.54977e+06	4.23492e+13	0.00193681
JE_TC_58	7.47533e+06	5.42476e+06	4.05519e+13	0.00183828
JE_TC_59	5.1132e+06	3.46154e+06	1.76995e+13	0.00143088
JE_TC_60	5.27557e+06	3.47191e+06	1.83163e+13	0.00131414
JE_TC_61	5.02529e+06	3.22027e+06	1.61828e+13	0.0013696
JE_TC_62	5.53689e+06	3.65516e+06	2.02382e+13	0.00140422
JE_TC_63	2.69752e+06	1.48175e+06	3.99706e+12	0.000776857
JE_TC_64	3.5671e+06	2.05629e+06	7.335e+12	0.00098741
JE_TC_65	4.60861e+06	2.88128e+06	1.32787e+13	0.00119568
JE_TC_66	2.01741e+06	1.10923e+06	2.23778e+12	0.000621497
JE_TC_67	1.63804e+06	829938	1.35947e+12	0.000543261
JE_TC_68	1.78741e+06	937210	1.67518e+12	0.000544304
JE_TC_69	6.2936e+06	4.39377e+06	2.76526e+13	0.00171391
JE_TC_70	5.78922e+06	4.00121e+06	2.31639e+13	0.00159636
JE_TC_71	5.30376e+06	3.62027e+06	1.9201e+13	0.00155621
JE_TC_72	5.28458e+06	3.45756e+06	1.82718e+13	0.0014159
JE_TC_73	5.50363e+06	3.66147e+06	2.01514e+13	0.00129031
JE_TC_74	4.45994e+06	2.86333e+06	1.27703e+13	0.00127981
JE_TC_75	3.4343e+06	2.01557e+06	6.92206e+12	0.000924117
JE_TC_76	3.54269e+06	2.14179e+06	7.58771e+12	0.00083063
JE_TC_77	2.54679e+06	1.48408e+06	3.77965e+12	0.000709425
JE_TC_78	2.54898e+06	1.46363e+06	3.73075e+12	0.000778187
JE_TC_79	3.78542e+06	2.36354e+06	8.94698e+12	0.00103955
JE_TC_80	2.67658e+06	1.53165e+06	4.09959e+12	0.000821015
JE_TC_81	6.69944e+06	4.81556e+06	3.22616e+13	0.00180568
JE_TC_82	6.11787e+06	4.35106e+06	2.66192e+13	0.00164791
JE_TC_83	6.31339e+06	4.52486e+06	2.85672e+13	0.00163034
