Sample	SampleSum	WeightedSampleSum	Weight	Entropy
JE_Lundberg_1	2.28723e+06	919994	2.10424e+12	0.00112659
JE_Lundberg_2	3.24691e+06	1.20163e+06	3.9016e+12	0.00122593
JE_Lundberg_3	1.34976e+06	351258	4.74113e+11	0.000704983
JE_Lundberg_4	4.24569e+06	1.81897e+06	7.7228e+12	0.00164351
JE_Lundberg_5	2.22212e+06	715425	1.58976e+12	0.000939807
JE_Lundberg_6	1.59051e+06	457654	7.27902e+11	0.00075312
JE_Lundberg_7	3.6085e+06	1.43425e+06	5.1755e+12	0.00149426
JE_Lundberg_8	3.48448e+06	1.25497e+06	4.37291e+12	0.00134252
JE_Lundberg_9	2.11447e+06	638454	1.34999e+12	0.000988008
JE_Lundberg_10	4.33813e+06	1.89479e+06	8.21985e+12	0.00169535
JE_Lundberg_11	2.83103e+06	935912	2.6496e+12	0.00112097
JE_Lundberg_12	1.97676e+06	556389	1.09985e+12	0.000894282
JE_Lundberg_13	1.44134e+06	478422	6.8957e+11	0.000854218
JE_Lundberg_15	1.61114e+06	459714	7.40665e+11	0.000760974
JE_Lundberg_16	4.86618e+06	2.17353e+06	1.05768e+13	0.00182263
JE_Lundberg_17	3.94215e+06	1.48578e+06	5.85717e+12	0.00140911
JE_Lundberg_18	1.91989e+06	557825	1.07096e+12	0.000899997
JE_Lundberg_19	4.31857e+06	1.90625e+06	8.23226e+12	0.00170209
JE_Lundberg_20	2.6495e+06	955197	2.53079e+12	0.00104115
JE_Lundberg_21	2.12335e+06	722791	1.53474e+12	0.000921071
JE_Lundberg_22	4.00965e+06	1.74918e+06	7.01358e+12	0.00157901
JE_Lundberg_23	3.57992e+06	1.51505e+06	5.42376e+12	0.00133207
JE_Lundberg_24	1.70856e+06	464928	7.94355e+11	0.000819878
JE_Lundberg_25	6.78065e+06	3.34057e+06	2.26512e+13	0.00196606
JE_Lundberg_26	6.33541e+06	2.86065e+06	1.81234e+13	0.00172682
JE_Lundberg_27	3.98001e+06	1.51522e+06	6.03058e+12	0.00126784
JE_Lundberg_28	8.50298e+06	4.5966e+06	3.90848e+13	0.00236558
JE_Lundberg_29	7.44086e+06	3.61473e+06	2.68967e+13	0.00190234
JE_Lundberg_30	5.63232e+06	2.4538e+06	1.38206e+13	0.00161126
JE_Lundberg_31	7.25974e+06	3.82738e+06	2.77858e+13	0.00211096
JE_Lundberg_32	7.61626e+06	3.68388e+06	2.80574e+13	0.00198052
JE_Lundberg_33	7.82167e+06	3.75774e+06	2.93918e+13	0.00210908
JE_Lundberg_34	7.10007e+06	3.62226e+06	2.57183e+13	0.00212897
JE_Lundberg_35	6.77509e+06	3.14704e+06	2.13215e+13	0.00175264
JE_Lundberg_36	4.69971e+06	2.00221e+06	9.40979e+12	0.00147433
JE_Lundberg_37	7.65915e+06	4.02517e+06	3.08294e+13	0.00208806
JE_Lundberg_38	7.26058e+06	3.47898e+06	2.52594e+13	0.00198328
JE_Lundberg_39	4.80113e+06	1.98989e+06	9.5537e+12	0.0014658
JE_Lundberg_40	7.56161e+06	3.98158e+06	3.01071e+13	0.00208215
JE_Lundberg_41	7.57094e+06	3.72225e+06	2.81809e+13	0.00196949
JE_Lundberg_42	6.08539e+06	2.73833e+06	1.66638e+13	0.00174919
JE_Lundberg_43	8.79626e+06	4.75899e+06	4.18613e+13	0.00243222
JE_Lundberg_44	6.91391e+06	3.25564e+06	2.25092e+13	0.00183946
JE_Lundberg_45	5.91542e+06	2.51211e+06	1.48602e+13	0.00177476
JE_Lundberg_46	7.5771e+06	3.98103e+06	3.01646e+13	0.00208344
JE_Lundberg_47	7.0097e+06	3.38934e+06	2.37583e+13	0.00184059
JE_Lundberg_48	4.75308e+06	1.98613e+06	9.44025e+12	0.00153718
JE_Lundberg_49	3.53677e+06	1.41727e+06	5.01255e+12	0.00165625
JE_Lundberg_50	4.26229e+06	1.70788e+06	7.2795e+12	0.00151332
JE_Lundberg_51	1.91174e+06	669747	1.28038e+12	0.000882885
JE_Lundberg_52	3.9054e+06	1.65182e+06	6.45102e+12	0.00179709
JE_Lundberg_53	2.80863e+06	1.02359e+06	2.8749e+12	0.00129938
JE_Lundberg_54	2.89248e+06	1.04943e+06	3.03545e+12	0.00119959
JE_Lundberg_55	3.65537e+06	1.4792e+06	5.40703e+12	0.00161802
JE_Lundberg_56	3.48861e+06	1.339e+06	4.67125e+12	0.00153032
JE_Lundberg_57	2.23129e+06	806400	1.79931e+12	0.000965208
JE_Lundberg_58	2.84738e+06	1.09738e+06	3.12466e+12	0.00139828
JE_Lundberg_59	3.16768e+06	1.15178e+06	3.64849e+12	0.00134194
JE_Lundberg_60	2.22171e+06	708828	1.57481e+12	0.00101174
JE_Lundberg_61	3.17524e+06	1.32686e+06	4.21308e+12	0.00150146
JE_Lundberg_62	3.1282e+06	1.19491e+06	3.7379e+12	0.00127491
JE_Lundberg_63	2.23352e+06	751086	1.67756e+12	0.000964553
JE_Lundberg_64	2.98485e+06	1.20084e+06	3.58433e+12	0.00149335
JE_Lundberg_65	3.4279e+06	1.29621e+06	4.44327e+12	0.00134904
JE_Lundberg_66	2.48709e+06	844211	2.09963e+12	0.00106141
JE_Lundberg_67	3.55916e+06	1.44982e+06	5.16016e+12	0.00163473
JE_Lundberg_68	2.93067e+06	1.03604e+06	3.03629e+12	0.00128286
JE_Lundberg_69	1.87665e+06	548330	1.02902e+12	0.000873851
JE_Lundberg_70	3.31132e+06	1.39268e+06	4.61161e+12	0.00152094
JE_Lundberg_71	2.72948e+06	990119	2.70251e+12	0.00110402
JE_Lundberg_72	1.82471e+06	576426	1.05181e+12	0.000826443
JE_Lundberg_73	9.5246e+06	5.21954e+06	4.9714e+13	0.00272981
JE_Lundberg_74	5.00467e+06	2.16469e+06	1.08336e+13	0.00159279
JE_Lundberg_75	5.01199e+06	2.16122e+06	1.0832e+13	0.00153002
JE_Lundberg_76	8.49987e+06	4.54801e+06	3.86575e+13	0.00258952
JE_Lundberg_77	6.48664e+06	3.31246e+06	2.14868e+13	0.0020457
JE_Lundberg_78	5.17708e+06	2.23951e+06	1.15941e+13	0.00164264
JE_Lundberg_79	8.86808e+06	4.7436e+06	4.20666e+13	0.00255857
JE_Lundberg_80	8.33807e+06	4.14369e+06	3.45504e+13	0.00213374
JE_Lundberg_81	4.10546e+06	1.68243e+06	6.90714e+12	0.00142896
JE_Lundberg_82	1.23419e+07	7.17446e+06	8.85465e+13	0.00328877
JE_Lundberg_84	4.51622e+06	1.89951e+06	8.57861e+12	0.00149897
JE_Lundberg_85	3.31522e+06	1.42667e+06	4.72974e+12	0.00137121
JE_Lundberg_86	6.71362e+06	3.07837e+06	2.0667e+13	0.00191667
JE_Lundberg_87	4.59039e+06	1.93777e+06	8.89511e+12	0.0015042
JE_Lundberg_88	9.39047e+06	5.16504e+06	4.85021e+13	0.00265496
JE_Lundberg_89	7.09597e+06	3.34635e+06	2.37456e+13	0.00187604
JE_Lundberg_90	4.91712e+06	2.09459e+06	1.02994e+13	0.00158205
JE_Lundberg_91	8.5292e+06	4.49547e+06	3.83428e+13	0.00254609
JE_Lundberg_92	5.9477e+06	2.69031e+06	1.60012e+13	0.00175939
JE_Lundberg_93	4.59398e+06	1.91822e+06	8.81228e+12	0.0015257
JE_Lundberg_94	9.98948e+06	5.58014e+06	5.57427e+13	0.00283726
JE_Lundberg_95	7.07319e+06	3.30448e+06	2.33732e+13	0.00185603
JE_Lundberg_96	4.60285e+06	1.88639e+06	8.68276e+12	0.00159265
JE_Lundberg_97	5.40445e+06	2.6065e+06	1.40867e+13	0.00222703
JE_Lundberg_98	4.55459e+06	1.97327e+06	8.98745e+12	0.00176582
JE_Lundberg_99	2.2698e+06	818238	1.85724e+12	0.00105007
JE_Lundberg_100	5.22997e+06	2.43372e+06	1.27283e+13	0.00214102
JE_Lundberg_101	3.40201e+06	1.36875e+06	4.65649e+12	0.0014234
JE_Lundberg_102	2.77761e+06	1.05586e+06	2.93278e+12	0.00120881
JE_Lundberg_103	4.23993e+06	2.05064e+06	8.69458e+12	0.00182992
JE_Lundberg_104	3.98881e+06	1.64542e+06	6.56327e+12	0.00155151
JE_Lundberg_105	2.78704e+06	1.1041e+06	3.07716e+12	0.00116695
JE_Lundberg_106	4.6049e+06	2.13547e+06	9.83363e+12	0.00201442
JE_Lundberg_107	2.83182e+06	1.05312e+06	2.98225e+12	0.00125994
JE_Lundberg_108	1.88527e+06	630072	1.18786e+12	0.00092781
JE_Lundberg_109	3.84518e+06	1.78472e+06	6.86258e+12	0.00176351
JE_Lundberg_110	3.58412e+06	1.49407e+06	5.35493e+12	0.00152309
JE_Lundberg_111	3.3031e+06	1.35681e+06	4.48168e+12	0.0013237
JE_Lundberg_112	4.71896e+06	2.25883e+06	1.06593e+13	0.00193498
JE_Lundberg_113	3.44426e+06	1.46258e+06	5.03752e+12	0.0013469
JE_Lundberg_114	3.0704e+06	1.24701e+06	3.82882e+12	0.00124042
JE_Lundberg_115	4.54454e+06	2.21421e+06	1.00626e+13	0.00193975
JE_Lundberg_116	3.19942e+06	1.30382e+06	4.17147e+12	0.00136066
JE_Lundberg_117	1.94115e+06	688619	1.33671e+12	0.000921182
JE_Lundberg_118	4.32741e+06	2.03377e+06	8.80094e+12	0.00188385
JE_Lundberg_119	3.17861e+06	1.31278e+06	4.17281e+12	0.00123849
JE_Lundberg_120	853012	262897	2.24254e+11	0.000468337
JE_Lundberg_121	4.00391e+06	1.80054e+06	7.20918e+12	0.00186645
JE_Lundberg_122	3.98174e+06	1.67236e+06	6.65892e+12	0.00168608
JE_Lundberg_123	2.45826e+06	913095	2.24462e+12	0.00107763
JE_Lundberg_124	6.05874e+06	2.96917e+06	1.79894e+13	0.0023172
JE_Lundberg_125	4.4845e+06	1.99367e+06	8.9406e+12	0.00175586
JE_Lundberg_126	2.53925e+06	981881	2.49324e+12	0.00117063
JE_Lundberg_127	5.09206e+06	2.43523e+06	1.24003e+13	0.00205019
JE_Lundberg_128	6.22045e+06	2.98083e+06	1.85421e+13	0.00212557
JE_Lundberg_129	2.84196e+06	1.1594e+06	3.29497e+12	0.00123114
JE_Lundberg_130	4.61055e+06	2.14311e+06	9.8809e+12	0.00199102
JE_Lundberg_131	4.74511e+06	2.10156e+06	9.97211e+12	0.00184027
JE_Lundberg_132	2.71762e+06	979240	2.66121e+12	0.00122964
JE_Lundberg_133	5.07802e+06	2.3782e+06	1.20766e+13	0.0020407
JE_Lundberg_134	5.00071e+06	2.2077e+06	1.10401e+13	0.00186306
JE_Lundberg_135	3.61581e+06	1.4482e+06	5.23642e+12	0.00142394
JE_Lundberg_136	5.1986e+06	2.45631e+06	1.27694e+13	0.00212
JE_Lundberg_137	4.20393e+06	1.79243e+06	7.53526e+12	0.00168638
JE_Lundberg_138	2.34988e+06	830695	1.95203e+12	0.00110524
JE_Lundberg_139	4.51328e+06	1.99194e+06	8.99018e+12	0.00186563
JE_Lundberg_140	3.47653e+06	1.35356e+06	4.70569e+12	0.00151264
JE_Lundberg_141	3.55016e+06	1.36463e+06	4.84465e+12	0.0014039
JE_Lundberg_142	5.12477e+06	2.37839e+06	1.21887e+13	0.00203899
JE_Lundberg_143	3.32916e+06	1.35127e+06	4.4986e+12	0.00138702
JE_Lundberg_144	2.59647e+06	957016	2.48486e+12	0.00116873
JE_Lundberg_145	7.40101e+06	3.59557e+06	2.66108e+13	0.00212842
JE_Lundberg_146	6.50319e+06	2.98774e+06	1.94299e+13	0.00166474
JE_Lundberg_147	5.09391e+06	2.13102e+06	1.08552e+13	0.00159506
JE_Lundberg_148	9.68542e+06	5.24006e+06	5.07521e+13	0.00254754
JE_Lundberg_149	6.50139e+06	3.02009e+06	1.96348e+13	0.00178491
JE_Lundberg_150	3.6977e+06	1.45403e+06	5.37656e+12	0.00128236
JE_Lundberg_151	6.69782e+06	3.41097e+06	2.2846e+13	0.00200197
JE_Lundberg_152	4.94628e+06	2.33979e+06	1.15732e+13	0.00135977
JE_Lundberg_153	2.57399e+06	1.06804e+06	2.74913e+12	0.000921987
JE_Lundberg_154	8.61327e+06	4.6338e+06	3.99122e+13	0.00255223
JE_Lundberg_155	4.47572e+06	1.93184e+06	8.64636e+12	0.00154898
JE_Lundberg_156	3.78114e+06	1.59094e+06	6.01557e+12	0.00131168
JE_Lundberg_157	9.09581e+06	4.93955e+06	4.49292e+13	0.00256768
JE_Lundberg_158	8.45933e+06	4.38049e+06	3.7056e+13	0.00227578
JE_Lundberg_159	3.4832e+06	1.522e+06	5.30143e+12	0.00118551
JE_Lundberg_160	9.58318e+06	5.22915e+06	5.01119e+13	0.00264848
JE_Lundberg_161	8.34021e+06	4.28015e+06	3.56974e+13	0.00221647
JE_Lundberg_162	4.19715e+06	1.94295e+06	8.15484e+12	0.00140533
JE_Lundberg_163	1.02545e+07	5.6591e+06	5.80314e+13	0.00271713
JE_Lundberg_164	8.32951e+06	4.27928e+06	3.56443e+13	0.0021898
JE_Lundberg_165	4.18768e+06	1.79505e+06	7.51708e+12	0.00143107
JE_Lundberg_166	8.28436e+06	4.41264e+06	3.65559e+13	0.00235904
JE_Lundberg_167	8.8219e+06	4.67085e+06	4.12057e+13	0.00229131
JE_Lundberg_168	4.46079e+06	2.16418e+06	9.65394e+12	0.00147202
JE_Lundberg_169	7.8385e+06	3.95632e+06	3.10116e+13	0.00245832
JE_Lundberg_170	8.98658e+06	4.60512e+06	4.13843e+13	0.00205979
JE_Lundberg_171	3.70106e+06	1.50706e+06	5.57773e+12	0.00130839
JE_Lundberg_172	9.23322e+06	4.92259e+06	4.54513e+13	0.00256571
JE_Lundberg_173	7.53644e+06	3.61982e+06	2.72806e+13	0.00196753
JE_Lundberg_174	5.72285e+06	2.61497e+06	1.49651e+13	0.00178098
JE_Lundberg_175	9.98284e+06	5.47645e+06	5.46705e+13	0.00271768
JE_Lundberg_176	5.84854e+06	2.66801e+06	1.56039e+13	0.00166737
JE_Lundberg_177	3.82233e+06	1.70066e+06	6.50046e+12	0.00134124
JE_Lundberg_178	1.38575e+07	8.17332e+06	1.13261e+14	0.00374347
JE_Lundberg_180	5.18604e+06	2.38334e+06	1.23601e+13	0.00163716
JE_Lundberg_181	9.85742e+06	5.30239e+06	5.22678e+13	0.00274893
JE_Lundberg_182	7.26078e+06	3.42349e+06	2.48572e+13	0.00198403
JE_Lundberg_183	5.27376e+06	2.39334e+06	1.26219e+13	0.0017383
JE_Lundberg_186	4.62022e+06	2.06526e+06	9.54197e+12	0.00156049
JE_Lundberg_187	8.09957e+06	4.21912e+06	3.4173e+13	0.00241136
JE_Lundberg_188	6.80925e+06	3.18758e+06	2.1705e+13	0.00194736
JE_Lundberg_189	5.22799e+06	2.34017e+06	1.22344e+13	0.00176054
JE_Lundberg_190	9.12794e+06	5.06853e+06	4.62653e+13	0.00237623
JE_Lundberg_191	6.93577e+06	3.41322e+06	2.36733e+13	0.0017721
JE_Lundberg_192	2.91326e+06	1.26085e+06	3.67318e+12	0.00109188
