2656	wip	1e8	1	0.01	0.773747898685
2656	ip	1e8	1	0.01	0.663627157854
2656	wip	1e7	1	0.01	0.767656704084
2656	ip	1e7	1	0.01	0.656328762129
2656	wip	1e8	2	0.01	0.856799093823
2656	ip	1e8	2	0.01	0.833005367346
2656	wip	1e7	2	0.01	0.856466003393
2656	ip	1e7	2	0.01	0.828280537983
2656	wip	1e8	4	0.01	0.871434994067
2656	ip	1e8	4	0.01	0.853583442145
2656	wip	1e7	4	0.01	0.869841623631
2656	ip	1e7	4	0.01	0.851856730147
2656	wip	1e8	8	0.01	0.922561384656
2656	ip	1e8	8	0.01	0.899121894287
2656	wip	1e7	8	0.01	0.923511449585
2656	ip	1e7	8	0.01	0.89963036484
2656	wip	1e8	16	0.01	0.910537879764
2656	ip	1e8	16	0.01	0.863164955684
2656	wip	1e7	16	0.01	0.9082649371
2656	ip	1e7	16	0.01	0.862717810949
2656	wip	1e8	32	0.01	0.913645913594
2656	ip	1e8	32	0.01	0.898177511575
2656	wip	1e7	32	0.01	0.912894894684
2656	ip	1e7	32	0.01	0.898609492369
2656	wip	1e8	64	0.01	0.911368698727
2656	ip	1e8	64	0.01	0.874148383152
2656	wip	1e7	64	0.01	0.90497955617
2656	ip	1e7	64	0.01	0.872927452079
2656	wip	1e8	128	0.01	0.916736395981
2656	ip	1e8	128	0.01	0.924913475293
2656	wip	1e7	128	0.01	0.908767034182
2656	ip	1e7	128	0.01	0.925420023368
2656	wip	1e8	16	0.2	0.884220981883
2656	ip	1e8	16	0.2	0.902169476265
2656	wip	1e7	16	0.2	0.862780113431
2656	ip	1e7	16	0.2	0.870860319318
2656	wip	1e8	16	0.1	0.915350057655
2656	ip	1e8	16	0.1	0.917389206452
2656	wip	1e7	16	0.1	0.924583198834
2656	ip	1e7	16	0.1	0.927074669255
2656	wip	1e8	16	0.05	0.837606406532
2656	ip	1e8	16	0.05	0.902375411189
2656	wip	1e7	16	0.05	0.839235898208
2656	ip	1e7	16	0.05	0.90646952301
2656	wip	1e8	16	0.02	0.827675067009
2656	ip	1e8	16	0.02	0.896194419454
2656	wip	1e7	16	0.02	0.828767589333
2656	ip	1e7	16	0.02	0.897852023683
2656	wip	1e8	16	0.005	0.840464509128
2656	ip	1e8	16	0.005	0.86111178277
2656	wip	1e7	16	0.005	0.840370895277
2656	ip	1e7	16	0.005	0.860894886111
2656	wip	1e8	16	0.002	0.857369492152
2656	ip	1e8	16	0.002	0.787167281036
2656	wip	1e7	16	0.002	0.857393815347
2656	ip	1e7	16	0.002	0.785912077686
2656	wip	1e8	16	0.001	0.898808400635
2656	ip	1e8	16	0.001	0.5165896123
2656	wip	1e7	16	0.001	0.89105117505
2656	ip	1e7	16	0.001	0.51443664881
7460	wip	1e8	1	0.01	0.815021085783
7460	ip	1e8	1	0.01	0.788754702742
7460	wip	1e7	1	0.01	0.810001738047
7460	ip	1e7	1	0.01	0.78411056775
7460	wip	1e8	2	0.01	0.893757741589
7460	ip	1e8	2	0.01	0.881824680008
7460	wip	1e7	2	0.01	0.89404635816
7460	ip	1e7	2	0.01	0.881179901266
7460	wip	1e8	4	0.01	0.903196622242
7460	ip	1e8	4	0.01	0.889029785439
7460	wip	1e7	4	0.01	0.904086956799
7460	ip	1e7	4	0.01	0.888282846384
7460	wip	1e8	8	0.01	0.919689998843
7460	ip	1e8	8	0.01	0.916822244282
7460	wip	1e7	8	0.01	0.919619862997
7460	ip	1e7	8	0.01	0.91639541587
7460	wip	1e8	16	0.01	0.917367369152
7460	ip	1e8	16	0.01	0.877073956441
7460	wip	1e7	16	0.01	0.916351147515
7460	ip	1e7	16	0.01	0.877007005016
7460	wip	1e8	32	0.01	0.932401295406
7460	ip	1e8	32	0.01	0.950977168882
7460	wip	1e7	32	0.01	0.932987815843
7460	ip	1e7	32	0.01	0.951390150068
7460	wip	1e8	64	0.01	0.929628206036
7460	ip	1e8	64	0.01	0.964939730221
7460	wip	1e7	64	0.01	0.926368789509
7460	ip	1e7	64	0.01	0.964856965084
7460	wip	1e8	128	0.01	0.933320499181
7460	ip	1e8	128	0.01	0.969616806394
7460	wip	1e7	128	0.01	0.934005660072
7460	ip	1e7	128	0.01	0.964770331163
7460	wip	1e8	16	0.2	0.958498054347
7460	ip	1e8	16	0.2	0.953490125356
7460	wip	1e7	16	0.2	0.935970545411
7460	ip	1e7	16	0.2	0.94742226018
7460	wip	1e8	16	0.1	0.961163744855
7460	ip	1e8	16	0.1	0.947421954852
7460	wip	1e7	16	0.1	0.963139486677
7460	ip	1e7	16	0.1	0.948957858173
7460	wip	1e8	16	0.05	0.963080647888
7460	ip	1e8	16	0.05	0.966478150598
7460	wip	1e7	16	0.05	0.962233026459
7460	ip	1e7	16	0.05	0.962463980802
7460	wip	1e8	16	0.02	0.964350404828
7460	ip	1e8	16	0.02	0.952320945
7460	wip	1e7	16	0.02	0.964505145026
7460	ip	1e7	16	0.02	0.952138773307
7460	wip	1e8	16	0.005	0.941783611061
7460	ip	1e8	16	0.005	0.835529866001
7460	wip	1e7	16	0.005	0.942365723196
7460	ip	1e7	16	0.005	0.827762872392
7460	wip	1e8	16	0.002	0.956500902169
7460	ip	1e8	16	0.002	0.827655749388
7460	wip	1e7	16	0.002	0.953625757829
7460	ip	1e7	16	0.002	0.826654083273
7460	wip	1e8	16	0.001	0.92986934096
7460	ip	1e8	16	0.001	0.71975943246
7460	wip	1e7	16	0.001	0.927045196693
7460	ip	1e7	16	0.001	0.718849859096
1285	wip	1e8	1	0.01	0.793180150759
1285	ip	1e8	1	0.01	0.686600738023
1285	wip	1e7	1	0.01	0.792868869391
1285	ip	1e7	1	0.01	0.681920462877
1285	wip	1e8	2	0.01	0.834826231388
1285	ip	1e8	2	0.01	0.824688771344
1285	wip	1e7	2	0.01	0.835419045445
1285	ip	1e7	2	0.01	0.824230635925
1285	wip	1e8	4	0.01	0.819887798985
1285	ip	1e8	4	0.01	0.67912946199
1285	wip	1e7	4	0.01	0.803604532819
1285	ip	1e7	4	0.01	0.677994358928
1285	wip	1e8	8	0.01	0.885496749285
1285	ip	1e8	8	0.01	0.865020797155
1285	wip	1e7	8	0.01	0.885696401108
1285	ip	1e7	8	0.01	0.864079666022
1285	wip	1e8	16	0.01	0.888898082529
1285	ip	1e8	16	0.01	0.867353114975
1285	wip	1e7	16	0.01	0.888134690906
1285	ip	1e7	16	0.01	0.866727998259
1285	wip	1e8	32	0.01	0.891216209994
1285	ip	1e8	32	0.01	0.892521309633
1285	wip	1e7	32	0.01	0.890381255583
1285	ip	1e7	32	0.01	0.888909057448
1285	wip	1e8	64	0.01	0.893374342333
1285	ip	1e8	64	0.01	0.916596760636
1285	wip	1e7	64	0.01	0.893150821455
1285	ip	1e7	64	0.01	0.913431615224
1285	wip	1e8	128	0.01	0.892247704141
1285	ip	1e8	128	0.01	0.960965781753
1285	wip	1e7	128	0.01	0.891442549494
1285	ip	1e7	128	0.01	0.95364922987
1285	wip	1e8	16	0.2	0.849071147233
1285	ip	1e8	16	0.2	0.884120980978
1285	wip	1e7	16	0.2	0.84583868823
1285	ip	1e7	16	0.2	0.859526754508
1285	wip	1e8	16	0.1	0.824820685961
1285	ip	1e8	16	0.1	0.881202855734
1285	wip	1e7	16	0.1	0.826869183634
1285	ip	1e7	16	0.1	0.886737198239
1285	wip	1e8	16	0.05	0.836719340896
1285	ip	1e8	16	0.05	0.89656871105
1285	wip	1e7	16	0.05	0.835514552005
1285	ip	1e7	16	0.05	0.894410606416
1285	wip	1e8	16	0.02	0.951654009184
1285	ip	1e8	16	0.02	0.888279743068
1285	wip	1e7	16	0.02	0.951182606487
1285	ip	1e7	16	0.02	0.887194773123
1285	wip	1e8	16	0.005	0.903631552344
1285	ip	1e8	16	0.005	0.837672982217
1285	wip	1e7	16	0.005	0.904110906624
1285	ip	1e7	16	0.005	0.837537555144
1285	wip	1e8	16	0.002	0.93252851949
1285	ip	1e8	16	0.002	0.765742716126
1285	wip	1e7	16	0.002	0.929374899581
1285	ip	1e7	16	0.002	0.765577789557
1285	wip	1e8	16	0.001	0.802604312407
1285	ip	1e8	16	0.001	0.54064179859
1285	wip	1e7	16	0.001	0.801049459962
1285	ip	1e7	16	0.001	0.539014336063
9671	wip	1e8	1	0.01	0.743480244137
9671	ip	1e8	1	0.01	0.696351914243
9671	wip	1e7	1	0.01	0.735654916208
9671	ip	1e7	1	0.01	0.691255733167
9671	wip	1e8	2	0.01	0.858210216057
9671	ip	1e8	2	0.01	0.803757755648
9671	wip	1e7	2	0.01	0.854058096591
9671	ip	1e7	2	0.01	0.796660159238
9671	wip	1e8	4	0.01	0.916498846147
9671	ip	1e8	4	0.01	0.875691942483
9671	wip	1e7	4	0.01	0.917115981522
9671	ip	1e7	4	0.01	0.873966458725
9671	wip	1e8	8	0.01	0.923399994619
9671	ip	1e8	8	0.01	0.92016282973
9671	wip	1e7	8	0.01	0.924993561706
9671	ip	1e7	8	0.01	0.919588248001
9671	wip	1e8	16	0.01	0.905753940296
9671	ip	1e8	16	0.01	0.901889618693
9671	wip	1e7	16	0.01	0.906926756705
9671	ip	1e7	16	0.01	0.89699855649
9671	wip	1e8	32	0.01	0.910373318897
9671	ip	1e8	32	0.01	0.931511597257
9671	wip	1e7	32	0.01	0.915041493837
9671	ip	1e7	32	0.01	0.932061338059
9671	wip	1e8	64	0.01	0.919745762095
9671	ip	1e8	64	0.01	0.935267160253
9671	wip	1e7	64	0.01	0.93016086826
9671	ip	1e7	64	0.01	0.935147543625
9671	wip	1e8	128	0.01	0.925119575158
9671	ip	1e8	128	0.01	0.966488246734
9671	wip	1e7	128	0.01	0.933836046879
9671	ip	1e7	128	0.01	0.962292904684
9671	wip	1e8	16	0.2	0.963521018387
9671	ip	1e8	16	0.2	0.931120137993
9671	wip	1e7	16	0.2	0.943429171926
9671	ip	1e7	16	0.2	0.918681128659
9671	wip	1e8	16	0.1	0.933072463328
9671	ip	1e8	16	0.1	0.944647803161
9671	wip	1e7	16	0.1	0.939257712265
9671	ip	1e7	16	0.1	0.943911475289
9671	wip	1e8	16	0.05	0.93132531889
9671	ip	1e8	16	0.05	0.928707545541
9671	wip	1e7	16	0.05	0.932715188321
9671	ip	1e7	16	0.05	0.932440561466
9671	wip	1e8	16	0.02	0.928226019801
9671	ip	1e8	16	0.02	0.910884350542
9671	wip	1e7	16	0.02	0.924569163034
9671	ip	1e7	16	0.02	0.909362024436
9671	wip	1e8	16	0.005	0.951764618906
9671	ip	1e8	16	0.005	0.854565583931
9671	wip	1e7	16	0.005	0.949063280972
9671	ip	1e7	16	0.005	0.852557251187
9671	wip	1e8	16	0.002	0.922980698806
9671	ip	1e8	16	0.002	0.770259261841
9671	wip	1e7	16	0.002	0.92484860154
9671	ip	1e7	16	0.002	0.767997411272
9671	wip	1e8	16	0.001	0.911330102017
9671	ip	1e8	16	0.001	0.599742582303
9671	wip	1e7	16	0.001	0.909575508266
9671	ip	1e7	16	0.001	0.59875834857
3176	wip	1e8	1	0.01	0.783453288844
3176	ip	1e8	1	0.01	0.761880281582
3176	wip	1e7	1	0.01	0.78015626753
3176	ip	1e7	1	0.01	0.758435098541
3176	wip	1e8	2	0.01	0.832342619698
3176	ip	1e8	2	0.01	0.790362437474
3176	wip	1e7	2	0.01	0.830907463996
3176	ip	1e7	2	0.01	0.787625637923
3176	wip	1e8	4	0.01	0.89543085047
3176	ip	1e8	4	0.01	0.867117686922
3176	wip	1e7	4	0.01	0.895126411084
3176	ip	1e7	4	0.01	0.865472475081
3176	wip	1e8	8	0.01	0.917104555517
3176	ip	1e8	8	0.01	0.919756041594
3176	wip	1e7	8	0.01	0.91972541284
3176	ip	1e7	8	0.01	0.91939551608
3176	wip	1e8	16	0.01	0.924553369464
3176	ip	1e8	16	0.01	0.942931992215
3176	wip	1e7	16	0.01	0.926253145199
3176	ip	1e7	16	0.01	0.943104603861
3176	wip	1e8	32	0.01	0.915452810223
3176	ip	1e8	32	0.01	0.937686756751
3176	wip	1e7	32	0.01	0.915900289287
3176	ip	1e7	32	0.01	0.936979000903
3176	wip	1e8	64	0.01	0.917908888031
3176	ip	1e8	64	0.01	0.944129673009
3176	wip	1e7	64	0.01	0.920779451152
3176	ip	1e7	64	0.01	0.943694442986
3176	wip	1e8	128	0.01	0.917809626346
3176	ip	1e8	128	0.01	0.953586866648
3176	wip	1e7	128	0.01	0.918988544964
3176	ip	1e7	128	0.01	0.949837110508
3176	wip	1e8	16	0.2	0.910800015094
3176	ip	1e8	16	0.2	0.936168189449
3176	wip	1e7	16	0.2	0.915406127554
3176	ip	1e7	16	0.2	0.939792989851
3176	wip	1e8	16	0.1	0.969235782393
3176	ip	1e8	16	0.1	0.941841814649
3176	wip	1e7	16	0.1	0.962026051615
3176	ip	1e7	16	0.1	0.939769871795
3176	wip	1e8	16	0.05	0.92703493404
3176	ip	1e8	16	0.05	0.963375847916
3176	wip	1e7	16	0.05	0.926465527003
3176	ip	1e7	16	0.05	0.957332737708
3176	wip	1e8	16	0.02	0.921902156274
3176	ip	1e8	16	0.02	0.927751420065
3176	wip	1e7	16	0.02	0.922761190798
3176	ip	1e7	16	0.02	0.927470902016
3176	wip	1e8	16	0.005	0.926789324823
3176	ip	1e8	16	0.005	0.911779991713
3176	wip	1e7	16	0.005	0.927917680054
3176	ip	1e7	16	0.005	0.911854725487
3176	wip	1e8	16	0.002	0.867498700645
3176	ip	1e8	16	0.002	0.656905262219
3176	wip	1e7	16	0.002	0.865301261353
3176	ip	1e7	16	0.002	0.65448468463
3176	wip	1e8	16	0.001	0.922050279598
3176	ip	1e8	16	0.001	0.608273870768
3176	wip	1e7	16	0.001	0.918767221684
3176	ip	1e7	16	0.001	0.606641965638
1031	wip	1e8	1	0.01	0.780400762263
1031	ip	1e8	1	0.01	0.795047794662
1031	wip	1e7	1	0.01	0.775467203301
1031	ip	1e7	1	0.01	0.79064842374
1031	wip	1e8	2	0.01	0.912196372195
1031	ip	1e8	2	0.01	0.888281554027
1031	wip	1e7	2	0.01	0.909891702427
1031	ip	1e7	2	0.01	0.88491597899
1031	wip	1e8	4	0.01	0.812323835615
1031	ip	1e8	4	0.01	0.76594422701
1031	wip	1e7	4	0.01	0.806909685485
1031	ip	1e7	4	0.01	0.755010507679
1031	wip	1e8	8	0.01	0.973150998703
1031	ip	1e8	8	0.01	0.943005186513
1031	wip	1e7	8	0.01	0.975355516168
1031	ip	1e7	8	0.01	0.942907757219
1031	wip	1e8	16	0.01	0.973488050204
1031	ip	1e8	16	0.01	0.939379541536
1031	wip	1e7	16	0.01	0.976737307977
1031	ip	1e7	16	0.01	0.939050566852
1031	wip	1e8	32	0.01	0.981452923448
1031	ip	1e8	32	0.01	0.962611700646
1031	wip	1e7	32	0.01	0.983685556718
1031	ip	1e7	32	0.01	0.96233519193
1031	wip	1e8	64	0.01	0.977470929263
1031	ip	1e8	64	0.01	0.956228134269
1031	wip	1e7	64	0.01	0.979745899457
1031	ip	1e7	64	0.01	0.95615492025
1031	wip	1e8	128	0.01	0.978053901695
1031	ip	1e8	128	0.01	0.961972254263
1031	wip	1e7	128	0.01	0.98244811465
1031	ip	1e7	128	0.01	0.960986302172
1031	wip	1e8	16	0.2	0.964098350063
1031	ip	1e8	16	0.2	0.972954633734
1031	wip	1e7	16	0.2	0.944230995392
1031	ip	1e7	16	0.2	0.950414827432
1031	wip	1e8	16	0.1	0.924510164868
1031	ip	1e8	16	0.1	0.940721373079
1031	wip	1e7	16	0.1	0.926430471382
1031	ip	1e7	16	0.1	0.939790211461
1031	wip	1e8	16	0.05	0.936871875491
1031	ip	1e8	16	0.05	0.960434420224
1031	wip	1e7	16	0.05	0.937549480738
1031	ip	1e7	16	0.05	0.961107578979
1031	wip	1e8	16	0.02	0.958951575225
1031	ip	1e8	16	0.02	0.948523109727
1031	wip	1e7	16	0.02	0.963142014544
1031	ip	1e7	16	0.02	0.948238211284
1031	wip	1e8	16	0.005	0.972173524369
1031	ip	1e8	16	0.005	0.943678706787
1031	wip	1e7	16	0.005	0.976446301542
1031	ip	1e7	16	0.005	0.943417978083
1031	wip	1e8	16	0.002	0.942772561094
1031	ip	1e8	16	0.002	0.781114215404
1031	wip	1e7	16	0.002	0.94495137474
1031	ip	1e7	16	0.002	0.779692258496
1031	wip	1e8	16	0.001	0.891574058907
1031	ip	1e8	16	0.001	0.71752572579
1031	wip	1e7	16	0.001	0.897239549704
1031	ip	1e7	16	0.001	0.716517028738
3562	wip	1e8	1	0.01	0.612933888765
3562	ip	1e8	1	0.01	0.549317688774
3562	wip	1e7	1	0.01	0.606323564142
3562	ip	1e7	1	0.01	0.542917960155
3562	wip	1e8	2	0.01	0.692799510208
3562	ip	1e8	2	0.01	0.606408438575
3562	wip	1e7	2	0.01	0.685839585616
3562	ip	1e7	2	0.01	0.6034453163
3562	wip	1e8	4	0.01	0.879289157648
3562	ip	1e8	4	0.01	0.757832454159
3562	wip	1e7	4	0.01	0.879922260979
3562	ip	1e7	4	0.01	0.755251656306
3562	wip	1e8	8	0.01	0.921836715503
3562	ip	1e8	8	0.01	0.773921400266
3562	wip	1e7	8	0.01	0.922326459586
3562	ip	1e7	8	0.01	0.771351627795
3562	wip	1e8	16	0.01	0.931283175574
3562	ip	1e8	16	0.01	0.860217885455
3562	wip	1e7	16	0.01	0.9354085627
3562	ip	1e7	16	0.01	0.859868403716
3562	wip	1e8	32	0.01	0.932932820354
3562	ip	1e8	32	0.01	0.852743324494
3562	wip	1e7	32	0.01	0.94176670939
3562	ip	1e7	32	0.01	0.852153185205
3562	wip	1e8	64	0.01	0.932170387371
3562	ip	1e8	64	0.01	0.917234998052
3562	wip	1e7	64	0.01	0.935027948033
3562	ip	1e7	64	0.01	0.916239982495
3562	wip	1e8	128	0.01	0.930016860835
3562	ip	1e8	128	0.01	0.945259652274
3562	wip	1e7	128	0.01	0.923830011661
3562	ip	1e7	128	0.01	0.944716866596
3562	wip	1e8	16	0.2	0.801326550889
3562	ip	1e8	16	0.2	0.866684120387
3562	wip	1e7	16	0.2	0.800366322492
3562	ip	1e7	16	0.2	0.844052771108
3562	wip	1e8	16	0.1	0.887605394028
3562	ip	1e8	16	0.1	0.909037052245
3562	wip	1e7	16	0.1	0.885381456405
3562	ip	1e7	16	0.1	0.89552207056
3562	wip	1e8	16	0.05	0.923838898178
3562	ip	1e8	16	0.05	0.877333957941
3562	wip	1e7	16	0.05	0.923210829304
3562	ip	1e7	16	0.05	0.872665863052
3562	wip	1e8	16	0.02	0.89022166155
3562	ip	1e8	16	0.02	0.895223719155
3562	wip	1e7	16	0.02	0.895227552936
3562	ip	1e7	16	0.02	0.897161494548
3562	wip	1e8	16	0.005	0.836524138423
3562	ip	1e8	16	0.005	0.812829650972
3562	wip	1e7	16	0.005	0.836873956681
3562	ip	1e7	16	0.005	0.811356049819
3562	wip	1e8	16	0.002	0.848980566618
3562	ip	1e8	16	0.002	0.729224423606
3562	wip	1e7	16	0.002	0.851748100643
3562	ip	1e7	16	0.002	0.728698830639
3562	wip	1e8	16	0.001	0.878282858926
3562	ip	1e8	16	0.001	0.471096775177
3562	wip	1e7	16	0.001	0.874479482797
3562	ip	1e7	16	0.001	0.469227202465
7051	wip	1e8	1	0.01	0.760256011314
7051	ip	1e8	1	0.01	0.743897052962
7051	wip	1e7	1	0.01	0.756896740416
7051	ip	1e7	1	0.01	0.741563793973
7051	wip	1e8	2	0.01	0.830197415155
7051	ip	1e8	2	0.01	0.813509906203
7051	wip	1e7	2	0.01	0.832306473588
7051	ip	1e7	2	0.01	0.812667928463
7051	wip	1e8	4	0.01	0.843437308862
7051	ip	1e8	4	0.01	0.824275038728
7051	wip	1e7	4	0.01	0.845742389784
7051	ip	1e7	4	0.01	0.821863724416
7051	wip	1e8	8	0.01	0.926088650223
7051	ip	1e8	8	0.01	0.884151816562
7051	wip	1e7	8	0.01	0.92711055813
7051	ip	1e7	8	0.01	0.883909245751
7051	wip	1e8	16	0.01	0.879300829828
7051	ip	1e8	16	0.01	0.872655494364
7051	wip	1e7	16	0.01	0.879683272861
7051	ip	1e7	16	0.01	0.872601072204
7051	wip	1e8	32	0.01	0.938114572383
7051	ip	1e8	32	0.01	0.911896798166
7051	wip	1e7	32	0.01	0.940318230271
7051	ip	1e7	32	0.01	0.911893245065
7051	wip	1e8	64	0.01	0.950680463683
7051	ip	1e8	64	0.01	0.944093648007
7051	wip	1e7	64	0.01	0.950609825487
7051	ip	1e7	64	0.01	0.943152684465
7051	wip	1e8	128	0.01	0.953485766846
7051	ip	1e8	128	0.01	0.967847494713
7051	wip	1e7	128	0.01	0.953063903433
7051	ip	1e7	128	0.01	0.960383431716
7051	wip	1e8	16	0.2	0.938848297995
7051	ip	1e8	16	0.2	0.932412959382
7051	wip	1e7	16	0.2	0.942113028024
7051	ip	1e7	16	0.2	0.93375270853
7051	wip	1e8	16	0.1	0.950902005294
7051	ip	1e8	16	0.1	0.935427488741
7051	wip	1e7	16	0.1	0.947827064164
7051	ip	1e7	16	0.1	0.931282914923
7051	wip	1e8	16	0.05	0.944141720923
7051	ip	1e8	16	0.05	0.959103230421
7051	wip	1e7	16	0.05	0.943312678704
7051	ip	1e7	16	0.05	0.954694137869
7051	wip	1e8	16	0.02	0.890293989795
7051	ip	1e8	16	0.02	0.890342094689
7051	wip	1e7	16	0.02	0.890812864487
7051	ip	1e7	16	0.02	0.890260293105
7051	wip	1e8	16	0.005	0.928318491468
7051	ip	1e8	16	0.005	0.863037686217
7051	wip	1e7	16	0.005	0.927350319487
7051	ip	1e7	16	0.005	0.862978485481
7051	wip	1e8	16	0.002	0.844886635834
7051	ip	1e8	16	0.002	0.704376950272
7051	wip	1e7	16	0.002	0.841406841894
7051	ip	1e7	16	0.002	0.703888763354
7051	wip	1e8	16	0.001	0.862812587984
7051	ip	1e8	16	0.001	0.666527372049
7051	wip	1e7	16	0.001	0.857755330324
7051	ip	1e7	16	0.001	0.664889283687
6731	wip	1e8	1	0.01	0.511185020753
6731	ip	1e8	1	0.01	0.522662520778
6731	wip	1e7	1	0.01	0.506345285944
6731	ip	1e7	1	0.01	0.516168393665
6731	wip	1e8	2	0.01	0.833591342009
6731	ip	1e8	2	0.01	0.805715525409
6731	wip	1e7	2	0.01	0.829394379818
6731	ip	1e7	2	0.01	0.799976228918
6731	wip	1e8	4	0.01	0.894742082212
6731	ip	1e8	4	0.01	0.858506154208
6731	wip	1e7	4	0.01	0.893835741304
6731	ip	1e7	4	0.01	0.853080518736
6731	wip	1e8	8	0.01	0.950129776231
6731	ip	1e8	8	0.01	0.951346960226
6731	wip	1e7	8	0.01	0.950939078001
6731	ip	1e7	8	0.01	0.950660912871
6731	wip	1e8	16	0.01	0.944199454368
6731	ip	1e8	16	0.01	0.945213882542
6731	wip	1e7	16	0.01	0.94465716036
6731	ip	1e7	16	0.01	0.944285498886
6731	wip	1e8	32	0.01	0.948237174679
6731	ip	1e8	32	0.01	0.961331418564
6731	wip	1e7	32	0.01	0.952661477881
6731	ip	1e7	32	0.01	0.961345686513
6731	wip	1e8	64	0.01	0.946047734881
6731	ip	1e8	64	0.01	0.971022239663
6731	wip	1e7	64	0.01	0.950314518612
6731	ip	1e7	64	0.01	0.97036285719
6731	wip	1e8	128	0.01	0.949976241353
6731	ip	1e8	128	0.01	0.981589661866
6731	wip	1e7	128	0.01	0.968656608545
6731	ip	1e7	128	0.01	0.978218813105
6731	wip	1e8	16	0.2	0.978806199241
6731	ip	1e8	16	0.2	0.970471433259
6731	wip	1e7	16	0.2	0.968642453034
6731	ip	1e7	16	0.2	0.964095276159
6731	wip	1e8	16	0.1	0.937815062513
6731	ip	1e8	16	0.1	0.965036307725
6731	wip	1e7	16	0.1	0.94128298652
6731	ip	1e7	16	0.1	0.962765235917
6731	wip	1e8	16	0.05	0.952584160699
6731	ip	1e8	16	0.05	0.95789325523
6731	wip	1e7	16	0.05	0.949380802293
6731	ip	1e7	16	0.05	0.954724203786
6731	wip	1e8	16	0.02	0.949552124539
6731	ip	1e8	16	0.02	0.95377208291
6731	wip	1e7	16	0.02	0.949878967669
6731	ip	1e7	16	0.02	0.95305648432
6731	wip	1e8	16	0.005	0.94549832054
6731	ip	1e8	16	0.005	0.951757673025
6731	wip	1e7	16	0.005	0.947019446205
6731	ip	1e7	16	0.005	0.951460450986
6731	wip	1e8	16	0.002	0.766792080118
6731	ip	1e8	16	0.002	0.693443895917
6731	wip	1e7	16	0.002	0.7656711057
6731	ip	1e7	16	0.002	0.692676651522
6731	wip	1e8	16	0.001	0.943245109967
6731	ip	1e8	16	0.001	0.545932380938
6731	wip	1e7	16	0.001	0.935888875917
6731	ip	1e7	16	0.001	0.544685462858
8585	wip	1e8	1	0.01	0.617472947869
8585	ip	1e8	1	0.01	0.607650752193
8585	wip	1e7	1	0.01	0.61264318161
8585	ip	1e7	1	0.01	0.603358186575
8585	wip	1e8	2	0.01	0.759001514657
8585	ip	1e8	2	0.01	0.705911597534
8585	wip	1e7	2	0.01	0.756378835267
8585	ip	1e7	2	0.01	0.703628678632
8585	wip	1e8	4	0.01	0.894466739093
8585	ip	1e8	4	0.01	0.820412677226
8585	wip	1e7	4	0.01	0.891942804054
8585	ip	1e7	4	0.01	0.817848730285
8585	wip	1e8	8	0.01	0.949793806444
8585	ip	1e8	8	0.01	0.873315753719
8585	wip	1e7	8	0.01	0.950995201872
8585	ip	1e7	8	0.01	0.872765373684
8585	wip	1e8	16	0.01	0.884993373668
8585	ip	1e8	16	0.01	0.799655646804
8585	wip	1e7	16	0.01	0.88282735134
8585	ip	1e7	16	0.01	0.797847496115
8585	wip	1e8	32	0.01	0.944904189153
8585	ip	1e8	32	0.01	0.872216557989
8585	wip	1e7	32	0.01	0.940516841106
8585	ip	1e7	32	0.01	0.870715743884
8585	wip	1e8	64	0.01	0.955878794214
8585	ip	1e8	64	0.01	0.93203682777
8585	wip	1e7	64	0.01	0.949950634288
8585	ip	1e7	64	0.01	0.930992282299
8585	wip	1e8	128	0.01	0.967181458875
8585	ip	1e8	128	0.01	0.967567440382
8585	wip	1e7	128	0.01	0.974826106183
8585	ip	1e7	128	0.01	0.965286666656
8585	wip	1e8	16	0.2	0.881998039178
8585	ip	1e8	16	0.2	0.930952905873
8585	wip	1e7	16	0.2	0.860797040552
8585	ip	1e7	16	0.2	0.891913860032
8585	wip	1e8	16	0.1	0.910985248532
8585	ip	1e8	16	0.1	0.923956320199
8585	wip	1e7	16	0.1	0.913939565478
8585	ip	1e7	16	0.1	0.92423064747
8585	wip	1e8	16	0.05	0.867575891099
8585	ip	1e8	16	0.05	0.876204013956
8585	wip	1e7	16	0.05	0.869506149711
8585	ip	1e7	16	0.05	0.874722126699
8585	wip	1e8	16	0.02	0.94893584061
8585	ip	1e8	16	0.02	0.911168934335
8585	wip	1e7	16	0.02	0.946591381305
8585	ip	1e7	16	0.02	0.908704949504
8585	wip	1e8	16	0.005	0.922853560595
8585	ip	1e8	16	0.005	0.784605672968
8585	wip	1e7	16	0.005	0.921816591869
8585	ip	1e7	16	0.005	0.784059599676
8585	wip	1e8	16	0.002	0.929018459028
8585	ip	1e8	16	0.002	0.667925530358
8585	wip	1e7	16	0.002	0.92121826076
8585	ip	1e7	16	0.002	0.667241668469
8585	wip	1e8	16	0.001	0.820757470746
8585	ip	1e8	16	0.001	0.531095178175
8585	wip	1e7	16	0.001	0.81019695907
8585	ip	1e7	16	0.001	0.530127648046
1928	wip	1e8	1	0.01	0.696043209075
1928	ip	1e8	1	0.01	0.724915747142
1928	wip	1e7	1	0.01	0.693865205427
1928	ip	1e7	1	0.01	0.720261463533
1928	wip	1e8	2	0.01	0.804838543868
1928	ip	1e8	2	0.01	0.829668246245
1928	wip	1e7	2	0.01	0.80405117617
1928	ip	1e7	2	0.01	0.82400042553
1928	wip	1e8	4	0.01	0.843595607242
1928	ip	1e8	4	0.01	0.916163104572
1928	wip	1e7	4	0.01	0.851712712772
1928	ip	1e7	4	0.01	0.91558376137
1928	wip	1e8	8	0.01	0.855684712554
1928	ip	1e8	8	0.01	0.895998684252
1928	wip	1e7	8	0.01	0.86644336648
1928	ip	1e7	8	0.01	0.893108847251
1928	wip	1e8	16	0.01	0.882409619663
1928	ip	1e8	16	0.01	0.936530795693
1928	wip	1e7	16	0.01	0.897311411491
1928	ip	1e7	16	0.01	0.935574073251
1928	wip	1e8	32	0.01	0.89502052145
1928	ip	1e8	32	0.01	0.948883137925
1928	wip	1e7	32	0.01	0.91290396877
1928	ip	1e7	32	0.01	0.948953235031
1928	wip	1e8	64	0.01	0.890631826876
1928	ip	1e8	64	0.01	0.929849689814
1928	wip	1e7	64	0.01	0.888702836898
1928	ip	1e7	64	0.01	0.92914787697
1928	wip	1e8	128	0.01	0.896411510905
1928	ip	1e8	128	0.01	0.952248913365
1928	wip	1e7	128	0.01	0.921003642785
1928	ip	1e7	128	0.01	0.950914800138
1928	wip	1e8	16	0.2	0.969546225699
1928	ip	1e8	16	0.2	0.952081442891
1928	wip	1e7	16	0.2	0.947686641
1928	ip	1e7	16	0.2	0.940572690379
1928	wip	1e8	16	0.1	0.914663751557
1928	ip	1e8	16	0.1	0.962940425135
1928	wip	1e7	16	0.1	0.915894514116
1928	ip	1e7	16	0.1	0.954497705204
1928	wip	1e8	16	0.05	0.939758991818
1928	ip	1e8	16	0.05	0.941127765209
1928	wip	1e7	16	0.05	0.939161028646
1928	ip	1e7	16	0.05	0.938348442486
1928	wip	1e8	16	0.02	0.897472853785
1928	ip	1e8	16	0.02	0.830326289806
1928	wip	1e7	16	0.02	0.89875374918
1928	ip	1e7	16	0.02	0.82862892728
1928	wip	1e8	16	0.005	0.911508727641
1928	ip	1e8	16	0.005	0.893633743262
1928	wip	1e7	16	0.005	0.92317546533
1928	ip	1e7	16	0.005	0.892805153889
1928	wip	1e8	16	0.002	0.774623939797
1928	ip	1e8	16	0.002	0.671024213582
1928	wip	1e7	16	0.002	0.796885633817
1928	ip	1e7	16	0.002	0.668592381965
1928	wip	1e8	16	0.001	0.660133061061
1928	ip	1e8	16	0.001	0.33235025284
1928	wip	1e7	16	0.001	0.665682613232
1928	ip	1e7	16	0.001	0.330599329368
6777	wip	1e8	1	0.01	0.846188702712
6777	ip	1e8	1	0.01	0.826316784761
6777	wip	1e7	1	0.01	0.846417219052
6777	ip	1e7	1	0.01	0.824013283535
6777	wip	1e8	2	0.01	0.829411327738
6777	ip	1e8	2	0.01	0.81216781769
6777	wip	1e7	2	0.01	0.828570987711
6777	ip	1e7	2	0.01	0.807946055729
6777	wip	1e8	4	0.01	0.877829137863
6777	ip	1e8	4	0.01	0.86005272455
6777	wip	1e7	4	0.01	0.878285681676
6777	ip	1e7	4	0.01	0.859205766829
6777	wip	1e8	8	0.01	0.890909101083
6777	ip	1e8	8	0.01	0.859975825642
6777	wip	1e7	8	0.01	0.892073731701
6777	ip	1e7	8	0.01	0.85061964782
6777	wip	1e8	16	0.01	0.894406609361
6777	ip	1e8	16	0.01	0.886288871354
6777	wip	1e7	16	0.01	0.89624594006
6777	ip	1e7	16	0.01	0.885536320134
6777	wip	1e8	32	0.01	0.896864415015
6777	ip	1e8	32	0.01	0.906913310598
6777	wip	1e7	32	0.01	0.89550474011
6777	ip	1e7	32	0.01	0.905505973771
6777	wip	1e8	64	0.01	0.900468943803
6777	ip	1e8	64	0.01	0.910698475521
6777	wip	1e7	64	0.01	0.899531381727
6777	ip	1e7	64	0.01	0.908912541706
6777	wip	1e8	128	0.01	0.772659945402
6777	ip	1e8	128	0.01	0.809222986828
6777	wip	1e7	128	0.01	0.782199342065
6777	ip	1e7	128	0.01	0.805962323712
6777	wip	1e8	16	0.2	0.932797915125
6777	ip	1e8	16	0.2	0.921628078937
6777	wip	1e7	16	0.2	0.941264283521
6777	ip	1e7	16	0.2	0.917581902621
6777	wip	1e8	16	0.1	0.93860598787
6777	ip	1e8	16	0.1	0.933595347363
6777	wip	1e7	16	0.1	0.924336389864
6777	ip	1e7	16	0.1	0.914673184264
6777	wip	1e8	16	0.05	0.81119384567
6777	ip	1e8	16	0.05	0.911464744696
6777	wip	1e7	16	0.05	0.811413972771
6777	ip	1e7	16	0.05	0.907015587965
6777	wip	1e8	16	0.02	0.897593522078
6777	ip	1e8	16	0.02	0.911353512449
6777	wip	1e7	16	0.02	0.898577945045
6777	ip	1e7	16	0.02	0.912408756849
6777	wip	1e8	16	0.005	0.879739685487
6777	ip	1e8	16	0.005	0.855986154765
6777	wip	1e7	16	0.005	0.880701116805
6777	ip	1e7	16	0.005	0.855355194904
6777	wip	1e8	16	0.002	0.883395380323
6777	ip	1e8	16	0.002	0.812653188656
6777	wip	1e7	16	0.002	0.883206780158
6777	ip	1e7	16	0.002	0.811671593775
6777	wip	1e8	16	0.001	0.916249731225
6777	ip	1e8	16	0.001	0.538515475216
6777	wip	1e7	16	0.001	0.912081415895
6777	ip	1e7	16	0.001	0.536440849958
4819	wip	1e8	1	0.01	0.685733137923
4819	ip	1e8	1	0.01	0.617727380397
4819	wip	1e7	1	0.01	0.678103060493
4819	ip	1e7	1	0.01	0.612510551909
4819	wip	1e8	2	0.01	0.836464131415
4819	ip	1e8	2	0.01	0.756508725999
4819	wip	1e7	2	0.01	0.834275414792
4819	ip	1e7	2	0.01	0.752121139356
4819	wip	1e8	4	0.01	0.837675034617
4819	ip	1e8	4	0.01	0.80979727277
4819	wip	1e7	4	0.01	0.836498530502
4819	ip	1e7	4	0.01	0.805592241863
4819	wip	1e8	8	0.01	0.931527481874
4819	ip	1e8	8	0.01	0.882336987613
4819	wip	1e7	8	0.01	0.929226827159
4819	ip	1e7	8	0.01	0.881024600159
4819	wip	1e8	16	0.01	0.93911198746
4819	ip	1e8	16	0.01	0.908441929385
4819	wip	1e7	16	0.01	0.943201697044
4819	ip	1e7	16	0.01	0.909562049363
4819	wip	1e8	32	0.01	0.924754934762
4819	ip	1e8	32	0.01	0.883439609105
4819	wip	1e7	32	0.01	0.917246638971
4819	ip	1e7	32	0.01	0.882942198057
4819	wip	1e8	64	0.01	0.943830328579
4819	ip	1e8	64	0.01	0.891411643942
4819	wip	1e7	64	0.01	0.942323211324
4819	ip	1e7	64	0.01	0.891545237643
4819	wip	1e8	128	0.01	0.951020037628
4819	ip	1e8	128	0.01	0.95575459146
4819	wip	1e7	128	0.01	0.964110237176
4819	ip	1e7	128	0.01	0.946224173622
4819	wip	1e8	16	0.2	0.900585635526
4819	ip	1e8	16	0.2	0.889462957349
4819	wip	1e7	16	0.2	0.91806619717
4819	ip	1e7	16	0.2	0.907681459271
4819	wip	1e8	16	0.1	0.912768995443
4819	ip	1e8	16	0.1	0.898627879238
4819	wip	1e7	16	0.1	0.910202187104
4819	ip	1e7	16	0.1	0.891924490428
4819	wip	1e8	16	0.05	0.940814710355
4819	ip	1e8	16	0.05	0.893430431877
4819	wip	1e7	16	0.05	0.925320016675
4819	ip	1e7	16	0.05	0.881297328461
4819	wip	1e8	16	0.02	0.90026053116
4819	ip	1e8	16	0.02	0.90451581776
4819	wip	1e7	16	0.02	0.907538359036
4819	ip	1e7	16	0.02	0.903295155241
4819	wip	1e8	16	0.005	0.869221122932
4819	ip	1e8	16	0.005	0.838702147302
4819	wip	1e7	16	0.005	0.866552874329
4819	ip	1e7	16	0.005	0.838674065503
4819	wip	1e8	16	0.002	0.907705977262
4819	ip	1e8	16	0.002	0.714927525842
4819	wip	1e7	16	0.002	0.907488836867
4819	ip	1e7	16	0.002	0.71366077599
4819	wip	1e8	16	0.001	0.784157052757
4819	ip	1e8	16	0.001	0.625215802837
4819	wip	1e7	16	0.001	0.783832812092
4819	ip	1e7	16	0.001	0.623671080235
6227	wip	1e8	1	0.01	0.823285235242
6227	ip	1e8	1	0.01	0.81319017176
6227	wip	1e7	1	0.01	0.821354291646
6227	ip	1e7	1	0.01	0.811797240635
6227	wip	1e8	2	0.01	0.669329424638
6227	ip	1e8	2	0.01	0.678799081581
6227	wip	1e7	2	0.01	0.659596651383
6227	ip	1e7	2	0.01	0.666922532528
6227	wip	1e8	4	0.01	0.870219753892
6227	ip	1e8	4	0.01	0.864334657401
6227	wip	1e7	4	0.01	0.87261777912
6227	ip	1e7	4	0.01	0.862778520937
6227	wip	1e8	8	0.01	0.858055049568
6227	ip	1e8	8	0.01	0.913932089965
6227	wip	1e7	8	0.01	0.860088892326
6227	ip	1e7	8	0.01	0.913868572043
6227	wip	1e8	16	0.01	0.868021527501
6227	ip	1e8	16	0.01	0.909581118214
6227	wip	1e7	16	0.01	0.871150443694
6227	ip	1e7	16	0.01	0.909567174652
6227	wip	1e8	32	0.01	0.862700119636
6227	ip	1e8	32	0.01	0.935228436366
6227	wip	1e7	32	0.01	0.863303595531
6227	ip	1e7	32	0.01	0.935148307851
6227	wip	1e8	64	0.01	0.863929042336
6227	ip	1e8	64	0.01	0.952113812428
6227	wip	1e7	64	0.01	0.865889900813
6227	ip	1e7	64	0.01	0.951888247022
6227	wip	1e8	128	0.01	0.867648983014
6227	ip	1e8	128	0.01	0.971193522702
6227	wip	1e7	128	0.01	0.883024555172
6227	ip	1e7	128	0.01	0.962945899186
6227	wip	1e8	16	0.2	0.868580613819
6227	ip	1e8	16	0.2	0.958413300433
6227	wip	1e7	16	0.2	0.867498009051
6227	ip	1e7	16	0.2	0.946955475212
6227	wip	1e8	16	0.1	0.861999093294
6227	ip	1e8	16	0.1	0.93822764947
6227	wip	1e7	16	0.1	0.858196688465
6227	ip	1e7	16	0.1	0.930722500677
6227	wip	1e8	16	0.05	0.859139879411
6227	ip	1e8	16	0.05	0.89013292658
6227	wip	1e7	16	0.05	0.85706095993
6227	ip	1e7	16	0.05	0.886899661593
6227	wip	1e8	16	0.02	0.874136123774
6227	ip	1e8	16	0.02	0.935330323267
6227	wip	1e7	16	0.02	0.875891957819
6227	ip	1e7	16	0.02	0.93574882481
6227	wip	1e8	16	0.005	0.883484995633
6227	ip	1e8	16	0.005	0.88673172919
6227	wip	1e7	16	0.005	0.88876800607
6227	ip	1e7	16	0.005	0.885767062031
6227	wip	1e8	16	0.002	0.89862214736
6227	ip	1e8	16	0.002	0.744059598941
6227	wip	1e7	16	0.002	0.900476848356
6227	ip	1e7	16	0.002	0.741945548966
6227	wip	1e8	16	0.001	0.704794172548
6227	ip	1e8	16	0.001	0.44926808903
6227	wip	1e7	16	0.001	0.697556323417
6227	ip	1e7	16	0.001	0.44826699579
8088	wip	1e8	1	0.01	0.694045752846
8088	ip	1e8	1	0.01	0.679888321373
8088	wip	1e7	1	0.01	0.687456732035
8088	ip	1e7	1	0.01	0.673583804707
8088	wip	1e8	2	0.01	0.840910776827
8088	ip	1e8	2	0.01	0.83907596122
8088	wip	1e7	2	0.01	0.841655133825
8088	ip	1e7	2	0.01	0.837870172453
8088	wip	1e8	4	0.01	0.852589247125
8088	ip	1e8	4	0.01	0.791092902366
8088	wip	1e7	4	0.01	0.846010525501
8088	ip	1e7	4	0.01	0.772775187594
8088	wip	1e8	8	0.01	0.953928697683
8088	ip	1e8	8	0.01	0.921453307075
8088	wip	1e7	8	0.01	0.955424978155
8088	ip	1e7	8	0.01	0.921138674615
8088	wip	1e8	16	0.01	0.95257076134
8088	ip	1e8	16	0.01	0.915363595155
8088	wip	1e7	16	0.01	0.953871847197
8088	ip	1e7	16	0.01	0.914935459472
8088	wip	1e8	32	0.01	0.963660561093
8088	ip	1e8	32	0.01	0.950808347852
8088	wip	1e7	32	0.01	0.964573389163
8088	ip	1e7	32	0.01	0.950551856472
8088	wip	1e8	64	0.01	0.980097849643
8088	ip	1e8	64	0.01	0.974450447043
8088	wip	1e7	64	0.01	0.983140101475
8088	ip	1e7	64	0.01	0.974579826511
8088	wip	1e8	128	0.01	0.98150060381
8088	ip	1e8	128	0.01	0.972221778698
8088	wip	1e7	128	0.01	0.981865823213
8088	ip	1e7	128	0.01	0.97124332921
8088	wip	1e8	16	0.2	0.976764463511
8088	ip	1e8	16	0.2	0.97240002021
8088	wip	1e7	16	0.2	0.903761231091
8088	ip	1e7	16	0.2	0.959149174927
8088	wip	1e8	16	0.1	0.973847779291
8088	ip	1e8	16	0.1	0.972625039396
8088	wip	1e7	16	0.1	0.97077484429
8088	ip	1e7	16	0.1	0.973805775313
8088	wip	1e8	16	0.05	0.923893225658
8088	ip	1e8	16	0.05	0.924649279601
8088	wip	1e7	16	0.05	0.919558885435
8088	ip	1e7	16	0.05	0.924027490912
8088	wip	1e8	16	0.02	0.956724595165
8088	ip	1e8	16	0.02	0.955993890097
8088	wip	1e7	16	0.02	0.957784786367
8088	ip	1e7	16	0.02	0.955480176786
8088	wip	1e8	16	0.005	0.949983921424
8088	ip	1e8	16	0.005	0.897684745215
8088	wip	1e7	16	0.005	0.949614961586
8088	ip	1e7	16	0.005	0.897371311876
8088	wip	1e8	16	0.002	0.910862036393
8088	ip	1e8	16	0.002	0.796713184544
8088	wip	1e7	16	0.002	0.906447647744
8088	ip	1e7	16	0.002	0.796385699923
8088	wip	1e8	16	0.001	0.846348613101
8088	ip	1e8	16	0.001	0.553820801729
8088	wip	1e7	16	0.001	0.838737208087
8088	ip	1e7	16	0.001	0.552034010536
3544	wip	1e8	1	0.01	0.803480689311
3544	ip	1e8	1	0.01	0.751251173793
3544	wip	1e7	1	0.01	0.800718138303
3544	ip	1e7	1	0.01	0.745057957565
3544	wip	1e8	2	0.01	0.801230983366
3544	ip	1e8	2	0.01	0.787752868601
3544	wip	1e7	2	0.01	0.801216726202
3544	ip	1e7	2	0.01	0.78654024424
3544	wip	1e8	4	0.01	0.863954021617
3544	ip	1e8	4	0.01	0.840423463367
3544	wip	1e7	4	0.01	0.864275594984
3544	ip	1e7	4	0.01	0.840339658613
3544	wip	1e8	8	0.01	0.868894289177
3544	ip	1e8	8	0.01	0.852353488923
3544	wip	1e7	8	0.01	0.86766213489
3544	ip	1e7	8	0.01	0.850930992442
3544	wip	1e8	16	0.01	0.906873725947
3544	ip	1e8	16	0.01	0.901204773156
3544	wip	1e7	16	0.01	0.906895674303
3544	ip	1e7	16	0.01	0.902243180681
3544	wip	1e8	32	0.01	0.890277117073
3544	ip	1e8	32	0.01	0.874592405925
3544	wip	1e7	32	0.01	0.882586360613
3544	ip	1e7	32	0.01	0.873129740091
3544	wip	1e8	64	0.01	0.894305371387
3544	ip	1e8	64	0.01	0.894844317495
3544	wip	1e7	64	0.01	0.881833992186
3544	ip	1e7	64	0.01	0.894836000816
3544	wip	1e8	128	0.01	0.889698856426
3544	ip	1e8	128	0.01	0.920041102042
3544	wip	1e7	128	0.01	0.852946316365
3544	ip	1e7	128	0.01	0.918641168796
3544	wip	1e8	16	0.2	0.886727972992
3544	ip	1e8	16	0.2	0.900387711705
3544	wip	1e7	16	0.2	0.896506158689
3544	ip	1e7	16	0.2	0.913434795662
3544	wip	1e8	16	0.1	0.92006672153
3544	ip	1e8	16	0.1	0.909478902253
3544	wip	1e7	16	0.1	0.924325723744
3544	ip	1e7	16	0.1	0.907044395537
3544	wip	1e8	16	0.05	0.907596791803
3544	ip	1e8	16	0.05	0.935718463827
3544	wip	1e7	16	0.05	0.90260702085
3544	ip	1e7	16	0.05	0.93550446644
3544	wip	1e8	16	0.02	0.907513255085
3544	ip	1e8	16	0.02	0.896817885956
3544	wip	1e7	16	0.02	0.908514204803
3544	ip	1e7	16	0.02	0.896531449576
3544	wip	1e8	16	0.005	0.919298905789
3544	ip	1e8	16	0.005	0.844073297686
3544	wip	1e7	16	0.005	0.919746712452
3544	ip	1e7	16	0.005	0.843596710981
3544	wip	1e8	16	0.002	0.87410996294
3544	ip	1e8	16	0.002	0.682337815037
3544	wip	1e7	16	0.002	0.871736966118
3544	ip	1e7	16	0.002	0.680553707301
3544	wip	1e8	16	0.001	0.849754141955
3544	ip	1e8	16	0.001	0.710560405124
3544	wip	1e7	16	0.001	0.841600301228
3544	ip	1e7	16	0.001	0.709840088907
2841	wip	1e8	1	0.01	0.662040412333
2841	ip	1e8	1	0.01	0.6274696085
2841	wip	1e7	1	0.01	0.655381960531
2841	ip	1e7	1	0.01	0.622271796407
2841	wip	1e8	2	0.01	0.85154525304
2841	ip	1e8	2	0.01	0.81892563325
2841	wip	1e7	2	0.01	0.852044555928
2841	ip	1e7	2	0.01	0.818114100376
2841	wip	1e8	4	0.01	0.826326956973
2841	ip	1e8	4	0.01	0.784865033183
2841	wip	1e7	4	0.01	0.824350482181
2841	ip	1e7	4	0.01	0.781544339605
2841	wip	1e8	8	0.01	0.911318645937
2841	ip	1e8	8	0.01	0.900768557912
2841	wip	1e7	8	0.01	0.915042400003
2841	ip	1e7	8	0.01	0.900858611704
2841	wip	1e8	16	0.01	0.892016608239
2841	ip	1e8	16	0.01	0.887720249501
2841	wip	1e7	16	0.01	0.897250400134
2841	ip	1e7	16	0.01	0.887814537068
2841	wip	1e8	32	0.01	0.888415697054
2841	ip	1e8	32	0.01	0.857239228437
2841	wip	1e7	32	0.01	0.896889634171
2841	ip	1e7	32	0.01	0.854289549352
2841	wip	1e8	64	0.01	0.894555535592
2841	ip	1e8	64	0.01	0.954170121571
2841	wip	1e7	64	0.01	0.925904321914
2841	ip	1e7	64	0.01	0.95480842574
2841	wip	1e8	128	0.01	0.880156794896
2841	ip	1e8	128	0.01	0.978728126684
2841	wip	1e7	128	0.01	0.940346302541
2841	ip	1e7	128	0.01	0.968244312187
2841	wip	1e8	16	0.2	0.875756852257
2841	ip	1e8	16	0.2	0.910291297058
2841	wip	1e7	16	0.2	0.868805237595
2841	ip	1e7	16	0.2	0.885791138585
2841	wip	1e8	16	0.1	0.918019950859
2841	ip	1e8	16	0.1	0.937695961734
2841	wip	1e7	16	0.1	0.929037355553
2841	ip	1e7	16	0.1	0.928034208287
2841	wip	1e8	16	0.05	0.83421217149
2841	ip	1e8	16	0.05	0.911678444509
2841	wip	1e7	16	0.05	0.839608883254
2841	ip	1e7	16	0.05	0.910319720957
2841	wip	1e8	16	0.02	0.940624863591
2841	ip	1e8	16	0.02	0.922844887789
2841	wip	1e7	16	0.02	0.945587078063
2841	ip	1e7	16	0.02	0.922413192999
2841	wip	1e8	16	0.005	0.909879874787
2841	ip	1e8	16	0.005	0.855451543359
2841	wip	1e7	16	0.005	0.9093427202
2841	ip	1e7	16	0.005	0.855282413403
2841	wip	1e8	16	0.002	0.875727908639
2841	ip	1e8	16	0.002	0.666956574594
2841	wip	1e7	16	0.002	0.874104883604
2841	ip	1e7	16	0.002	0.665314365532
2841	wip	1e8	16	0.001	0.893218578286
2841	ip	1e8	16	0.001	0.487279799861
2841	wip	1e7	16	0.001	0.89421489719
2841	ip	1e7	16	0.001	0.484655736129
7610	wip	1e8	1	0.01	0.799720734141
7610	ip	1e8	1	0.01	0.856855678674
7610	wip	1e7	1	0.01	0.798896648555
7610	ip	1e7	1	0.01	0.854744161871
7610	wip	1e8	2	0.01	0.750657292099
7610	ip	1e8	2	0.01	0.773607265622
7610	wip	1e7	2	0.01	0.754751150559
7610	ip	1e7	2	0.01	0.770168355392
7610	wip	1e8	4	0.01	0.849195348806
7610	ip	1e8	4	0.01	0.89964138145
7610	wip	1e7	4	0.01	0.858821233223
7610	ip	1e7	4	0.01	0.899354636378
7610	wip	1e8	8	0.01	0.821891199427
7610	ip	1e8	8	0.01	0.927437799064
7610	wip	1e7	8	0.01	0.837594742191
7610	ip	1e7	8	0.01	0.927358317793
7610	wip	1e8	16	0.01	0.825548135398
7610	ip	1e8	16	0.01	0.940536979671
7610	wip	1e7	16	0.01	0.838690118923
7610	ip	1e7	16	0.01	0.940626840642
7610	wip	1e8	32	0.01	0.815283343952
7610	ip	1e8	32	0.01	0.939322583033
7610	wip	1e7	32	0.01	0.82823065176
7610	ip	1e7	32	0.01	0.93870577216
7610	wip	1e8	64	0.01	0.806735728795
7610	ip	1e8	64	0.01	0.928957573423
7610	wip	1e7	64	0.01	0.827025707008
7610	ip	1e7	64	0.01	0.928285884251
7610	wip	1e8	128	0.01	0.823682444057
7610	ip	1e8	128	0.01	0.969777133128
7610	wip	1e7	128	0.01	0.904773545858
7610	ip	1e7	128	0.01	0.957041850598
7610	wip	1e8	16	0.2	0.869631912306
7610	ip	1e8	16	0.2	0.965504349861
7610	wip	1e7	16	0.2	0.657170019937
7610	ip	1e7	16	0.2	0.948317647229
7610	wip	1e8	16	0.1	0.945659045098
7610	ip	1e8	16	0.1	0.933869110307
7610	wip	1e7	16	0.1	0.914319481459
7610	ip	1e7	16	0.1	0.911297262424
7610	wip	1e8	16	0.05	0.966536078262
7610	ip	1e8	16	0.05	0.925766985362
7610	wip	1e7	16	0.05	0.948542885255
7610	ip	1e7	16	0.05	0.923109155739
7610	wip	1e8	16	0.02	0.707936628319
7610	ip	1e8	16	0.02	0.889875198677
7610	wip	1e7	16	0.02	0.709316248452
7610	ip	1e7	16	0.02	0.891148234326
7610	wip	1e8	16	0.005	0.798171728939
7610	ip	1e8	16	0.005	0.921073234046
7610	wip	1e7	16	0.005	0.815465373569
7610	ip	1e7	16	0.005	0.921214181844
7610	wip	1e8	16	0.002	0.750567152059
7610	ip	1e8	16	0.002	0.838576896316
7610	wip	1e7	16	0.002	0.758675732686
7610	ip	1e7	16	0.002	0.837632384612
7610	wip	1e8	16	0.001	0.734500409334
7610	ip	1e8	16	0.001	0.476123447863
7610	wip	1e7	16	0.001	0.743140971826
7610	ip	1e7	16	0.001	0.475008168411
6461	wip	1e8	1	0.01	0.74179302788
6461	ip	1e8	1	0.01	0.68542700628
6461	wip	1e7	1	0.01	0.735376785237
6461	ip	1e7	1	0.01	0.681467507148
6461	wip	1e8	2	0.01	0.825931896146
6461	ip	1e8	2	0.01	0.813058654682
6461	wip	1e7	2	0.01	0.826981611859
6461	ip	1e7	2	0.01	0.813850694335
6461	wip	1e8	4	0.01	0.793941650768
6461	ip	1e8	4	0.01	0.799993654519
6461	wip	1e7	4	0.01	0.794673058057
6461	ip	1e7	4	0.01	0.798182299221
6461	wip	1e8	8	0.01	0.812360132006
6461	ip	1e8	8	0.01	0.841352629989
6461	wip	1e7	8	0.01	0.813869949101
6461	ip	1e7	8	0.01	0.840490686952
6461	wip	1e8	16	0.01	0.815276309889
6461	ip	1e8	16	0.01	0.848211467491
6461	wip	1e7	16	0.01	0.815256651765
6461	ip	1e7	16	0.01	0.847742383079
6461	wip	1e8	32	0.01	0.79423567118
6461	ip	1e8	32	0.01	0.825861609299
6461	wip	1e7	32	0.01	0.792078874727
6461	ip	1e7	32	0.01	0.825555740117
6461	wip	1e8	64	0.01	0.824098136504
6461	ip	1e8	64	0.01	0.897517412502
6461	wip	1e7	64	0.01	0.824130616109
6461	ip	1e7	64	0.01	0.898643736434
6461	wip	1e8	128	0.01	0.820337482946
6461	ip	1e8	128	0.01	0.944264240925
6461	wip	1e7	128	0.01	0.822411247802
6461	ip	1e7	128	0.01	0.939560731588
6461	wip	1e8	16	0.2	0.927428105334
6461	ip	1e8	16	0.2	0.87873033317
6461	wip	1e7	16	0.2	0.914964144123
6461	ip	1e7	16	0.2	0.834928274936
6461	wip	1e8	16	0.1	0.8145756648
6461	ip	1e8	16	0.1	0.854766546594
6461	wip	1e7	16	0.1	0.80944306534
6461	ip	1e7	16	0.1	0.858462911712
6461	wip	1e8	16	0.05	0.910891031997
6461	ip	1e8	16	0.05	0.890546851172
6461	wip	1e7	16	0.05	0.904494555445
6461	ip	1e7	16	0.05	0.884808480956
6461	wip	1e8	16	0.02	0.760381599086
6461	ip	1e8	16	0.02	0.827079923759
6461	wip	1e7	16	0.02	0.757528696992
6461	ip	1e7	16	0.02	0.825738131782
6461	wip	1e8	16	0.005	0.793172814088
6461	ip	1e8	16	0.005	0.832282468606
6461	wip	1e7	16	0.005	0.794745272402
6461	ip	1e7	16	0.005	0.832064518718
6461	wip	1e8	16	0.002	0.680751478659
6461	ip	1e8	16	0.002	0.686832510199
6461	wip	1e7	16	0.002	0.682415651779
6461	ip	1e7	16	0.002	0.686654491424
6461	wip	1e8	16	0.001	0.882026121989
6461	ip	1e8	16	0.001	0.642002061562
6461	wip	1e7	16	0.001	0.882873969216
6461	ip	1e7	16	0.001	0.640477670343
7837	wip	1e8	1	0.01	0.607775100968
7837	ip	1e8	1	0.01	0.514507799523
7837	wip	1e7	1	0.01	0.59643410551
7837	ip	1e7	1	0.01	0.503868596455
7837	wip	1e8	2	0.01	0.81430071089
7837	ip	1e8	2	0.01	0.691230891751
7837	wip	1e7	2	0.01	0.808943632794
7837	ip	1e7	2	0.01	0.684354884214
7837	wip	1e8	4	0.01	0.875870580638
7837	ip	1e8	4	0.01	0.82310992125
7837	wip	1e7	4	0.01	0.873897613579
7837	ip	1e7	4	0.01	0.819711337937
7837	wip	1e8	8	0.01	0.886610420884
7837	ip	1e8	8	0.01	0.820348123146
7837	wip	1e7	8	0.01	0.886325448096
7837	ip	1e7	8	0.01	0.817313720009
7837	wip	1e8	16	0.01	0.901831060048
7837	ip	1e8	16	0.01	0.841175300312
7837	wip	1e7	16	0.01	0.904149674537
7837	ip	1e7	16	0.01	0.839780788164
7837	wip	1e8	32	0.01	0.913867152719
7837	ip	1e8	32	0.01	0.887413897021
7837	wip	1e7	32	0.01	0.912860840766
7837	ip	1e7	32	0.01	0.886231067296
7837	wip	1e8	64	0.01	0.823565068158
7837	ip	1e8	64	0.01	0.819229063332
7837	wip	1e7	64	0.01	0.837068896848
7837	ip	1e7	64	0.01	0.817813039226
7837	wip	1e8	128	0.01	0.907696673943
7837	ip	1e8	128	0.01	0.929996742705
7837	wip	1e7	128	0.01	0.850946320688
7837	ip	1e7	128	0.01	0.921873003924
7837	wip	1e8	16	0.2	0.916511333318
7837	ip	1e8	16	0.2	0.945776902701
7837	wip	1e7	16	0.2	0.870988186696
7837	ip	1e7	16	0.2	0.881140618859
7837	wip	1e8	16	0.1	0.931327799276
7837	ip	1e8	16	0.1	0.889792091747
7837	wip	1e7	16	0.1	0.928537627987
7837	ip	1e7	16	0.1	0.892548106434
7837	wip	1e8	16	0.05	0.787621267829
7837	ip	1e8	16	0.05	0.908872377164
7837	wip	1e7	16	0.05	0.796414101805
7837	ip	1e7	16	0.05	0.900211048056
7837	wip	1e8	16	0.02	0.871343401534
7837	ip	1e8	16	0.02	0.921719034951
7837	wip	1e7	16	0.02	0.875792492285
7837	ip	1e7	16	0.02	0.921608090695
7837	wip	1e8	16	0.005	0.915455338056
7837	ip	1e8	16	0.005	0.823855884558
7837	wip	1e7	16	0.005	0.909602556045
7837	ip	1e7	16	0.005	0.823221418598
7837	wip	1e8	16	0.002	0.809143458732
7837	ip	1e8	16	0.002	0.697263854159
7837	wip	1e7	16	0.002	0.809523665582
7837	ip	1e7	16	0.002	0.697414413174
7837	wip	1e8	16	0.001	0.874962405213
7837	ip	1e8	16	0.001	0.449847506226
7837	wip	1e7	16	0.001	0.873307382097
7837	ip	1e7	16	0.001	0.448879370424
2656	mash	1000	1	0.01	0.601246745203
2656	mash	10000	1	0.01	0.621747797092
2656	mash	1000000	1	0.01	0.620552553987
2656	mash	1000	2	0.01	0.793857829224
2656	mash	10000	2	0.01	0.805180169309
2656	mash	1000000	2	0.01	0.802091602158
2656	mash	1000	4	0.01	0.874967025082
2656	mash	10000	4	0.01	0.879712344559
2656	mash	1000000	4	0.01	0.876624012198
2656	mash	1000	8	0.01	0.827504438388
2656	mash	10000	8	0.01	0.814849893091
2656	mash	1000000	8	0.01	0.812330991193
2656	mash	1000	16	0.01	0.490640669188
2656	mash	10000	16	0.01	0.497518905155
2656	mash	1000000	16	0.01	0.485087245204
2656	mash	1000	32	0.01	0.660129271121
2656	mash	10000	32	0.01	0.667323002529
2656	mash	1000000	32	0.01	0.667291916583
2656	mash	1000	64	0.01	0.585483770009
2656	mash	10000	64	0.01	0.604408268583
2656	mash	1000000	64	0.01	0.604612376588
2656	mash	1000	128	0.01	0.759278131564
2656	mash	10000	128	0.01	0.762049091958
2656	mash	1000000	128	0.01	0.763133503401
2656	mash	1000	16	0.2	0.864937972305
2656	mash	10000	16	0.2	0.852256917655
2656	mash	1000000	16	0.2	0.895912657055
2656	mash	1000	16	0.1	0.885468576602
2656	mash	10000	16	0.1	0.908867700632
2656	mash	1000000	16	0.1	0.898714646697
2656	mash	1000	16	0.05	0.867813406831
2656	mash	10000	16	0.05	0.847110614384
2656	mash	1000000	16	0.05	0.848348469132
2656	mash	1000	16	0.02	0.791071040172
2656	mash	10000	16	0.02	0.804395336076
2656	mash	1000000	16	0.02	0.800592534387
2656	mash	1000	16	0.005	0.345432248071
2656	mash	10000	16	0.005	0.337085880822
2656	mash	1000000	16	0.005	0.334822413384
2656	mash	1000	16	0.002	0.184264450061
2656	mash	10000	16	0.002	0.176487496443
2656	mash	1000000	16	0.002	0.177827565191
2656	mash	1000	16	0.001	0.0952775055266
2656	mash	10000	16	0.001	0.115471064447
2656	mash	1000000	16	0.001	0.110701986666
7460	mash	1000	1	0.01	0.711312884433
7460	mash	10000	1	0.01	0.721367816662
7460	mash	1000000	1	0.01	0.719179512399
7460	mash	1000	2	0.01	0.862361195532
7460	mash	10000	2	0.01	0.868004895276
7460	mash	1000000	2	0.01	0.866748532188
7460	mash	1000	4	0.01	0.877665434833
7460	mash	10000	4	0.01	0.869936818483
7460	mash	1000000	4	0.01	0.869633975394
7460	mash	1000	8	0.01	0.884365474616
7460	mash	10000	8	0.01	0.886685295137
7460	mash	1000000	8	0.01	0.888957207329
7460	mash	1000	16	0.01	0.651399974047
7460	mash	10000	16	0.01	0.648411815447
7460	mash	1000000	16	0.01	0.65184581921
7460	mash	1000	32	0.01	0.744768756842
7460	mash	10000	32	0.01	0.765740672082
7460	mash	1000000	32	0.01	0.771384341837
7460	mash	1000	64	0.01	0.737371740426
7460	mash	10000	64	0.01	0.739561051014
7460	mash	1000000	64	0.01	0.749328597733
7460	mash	1000	128	0.01	0.637759317428
7460	mash	10000	128	0.01	0.659425332334
7460	mash	1000000	128	0.01	0.664087327034
7460	mash	1000	16	0.2	0.950484208973
7460	mash	10000	16	0.2	0.937330521576
7460	mash	1000000	16	0.2	0.944928288447
7460	mash	1000	16	0.1	0.937418736801
7460	mash	10000	16	0.1	0.928837369931
7460	mash	1000000	16	0.1	0.926075167121
7460	mash	1000	16	0.05	0.924133454654
7460	mash	10000	16	0.05	0.92799172408
7460	mash	1000000	16	0.05	0.930633449434
7460	mash	1000	16	0.02	0.802465797114
7460	mash	10000	16	0.02	0.835692674303
7460	mash	1000000	16	0.02	0.832503378115
7460	mash	1000	16	0.005	0.409562992669
7460	mash	10000	16	0.005	0.410615361511
7460	mash	1000000	16	0.005	0.415894253152
7460	mash	1000	16	0.002	0.335549355022
7460	mash	10000	16	0.002	0.345264095329
7460	mash	1000000	16	0.002	0.346170602157
7460	mash	1000	16	0.001	0.224657346889
7460	mash	10000	16	0.001	0.234479238785
7460	mash	1000000	16	0.001	0.237563792113
1285	mash	1000	1	0.01	0.610484253864
1285	mash	10000	1	0.01	0.623627143777
1285	mash	1000000	1	0.01	0.621340094783
1285	mash	1000	2	0.01	0.794163032909
1285	mash	10000	2	0.01	0.799277546262
1285	mash	1000000	2	0.01	0.8013805034
1285	mash	1000	4	0.01	0.652554170262
1285	mash	10000	4	0.01	0.653707658637
1285	mash	1000000	4	0.01	0.654994011343
1285	mash	1000	8	0.01	0.819603152215
1285	mash	10000	8	0.01	0.819339119751
1285	mash	1000000	8	0.01	0.821154753098
1285	mash	1000	16	0.01	0.511298725749
1285	mash	10000	16	0.01	0.517564050027
1285	mash	1000000	16	0.01	0.521281878974
1285	mash	1000	32	0.01	0.629560184803
1285	mash	10000	32	0.01	0.659604562277
1285	mash	1000000	32	0.01	0.660678375043
1285	mash	1000	64	0.01	0.619278385038
1285	mash	10000	64	0.01	0.635787298515
1285	mash	1000000	64	0.01	0.632486554338
1285	mash	1000	128	0.01	0.734829122777
1285	mash	10000	128	0.01	0.730219187944
1285	mash	1000000	128	0.01	0.727730017416
1285	mash	1000	16	0.2	0.898745862756
1285	mash	10000	16	0.2	0.885348371494
1285	mash	1000000	16	0.2	0.878630849814
1285	mash	1000	16	0.1	0.847368871413
1285	mash	10000	16	0.1	0.84240478421
1285	mash	1000000	16	0.1	0.825268661036
1285	mash	1000	16	0.05	0.82339413173
1285	mash	10000	16	0.05	0.835353953083
1285	mash	1000000	16	0.05	0.839573758435
1285	mash	1000	16	0.02	0.775983095286
1285	mash	10000	16	0.02	0.742624574662
1285	mash	1000000	16	0.02	0.747090667831
1285	mash	1000	16	0.005	0.25741331688
1285	mash	10000	16	0.005	0.287459526722
1285	mash	1000000	16	0.005	0.281582848598
1285	mash	1000	16	0.002	0.165411510269
1285	mash	10000	16	0.002	0.143235327809
1285	mash	1000000	16	0.002	0.157620551969
1285	mash	1000	16	0.001	0.0228631444705
1285	mash	10000	16	0.001	0.0119429781095
1285	mash	1000000	16	0.001	0.0129928062576
9671	mash	1000	1	0.01	0.640714081923
9671	mash	10000	1	0.01	0.64545478184
9671	mash	1000000	1	0.01	0.638038664661
9671	mash	1000	2	0.01	0.770366918786
9671	mash	10000	2	0.01	0.759155128001
9671	mash	1000000	2	0.01	0.758861448016
9671	mash	1000	4	0.01	0.854547816439
9671	mash	10000	4	0.01	0.840690919381
9671	mash	1000000	4	0.01	0.845550800132
9671	mash	1000	8	0.01	0.811492618901
9671	mash	10000	8	0.01	0.807452209338
9671	mash	1000000	8	0.01	0.810631155029
9671	mash	1000	16	0.01	0.434759499871
9671	mash	10000	16	0.01	0.426188662123
9671	mash	1000000	16	0.01	0.427733975584
9671	mash	1000	32	0.01	0.526229521248
9671	mash	10000	32	0.01	0.524641799175
9671	mash	1000000	32	0.01	0.536832789366
9671	mash	1000	64	0.01	0.555433236407
9671	mash	10000	64	0.01	0.564808089458
9671	mash	1000000	64	0.01	0.563880252218
9671	mash	1000	128	0.01	0.570706248375
9671	mash	10000	128	0.01	0.605181491484
9671	mash	1000000	128	0.01	0.61189046584
9671	mash	1000	16	0.2	0.934903333388
9671	mash	10000	16	0.2	0.911954617341
9671	mash	1000000	16	0.2	0.927364733687
9671	mash	1000	16	0.1	0.918475395004
9671	mash	10000	16	0.1	0.918233934168
9671	mash	1000000	16	0.1	0.917995348911
9671	mash	1000	16	0.05	0.8865861889
9671	mash	10000	16	0.05	0.886429788355
9671	mash	1000000	16	0.05	0.886787235648
9671	mash	1000	16	0.02	0.721670744257
9671	mash	10000	16	0.02	0.736914076877
9671	mash	1000000	16	0.02	0.741215401809
9671	mash	1000	16	0.005	0.201527063883
9671	mash	10000	16	0.005	0.243925646423
9671	mash	1000000	16	0.005	0.240590117917
9671	mash	1000	16	0.002	0.238074539593
9671	mash	10000	16	0.002	0.230710556945
9671	mash	1000000	16	0.002	0.234897333263
9671	mash	1000	16	0.001	0.194246305544
9671	mash	10000	16	0.001	0.188670935044
9671	mash	1000000	16	0.001	0.193335483178
3176	mash	1000	1	0.01	0.724722578065
3176	mash	10000	1	0.01	0.722165709733
3176	mash	1000000	1	0.01	0.719751497025
3176	mash	1000	2	0.01	0.796905314964
3176	mash	10000	2	0.01	0.784000602756
3176	mash	1000000	2	0.01	0.778131316623
3176	mash	1000	4	0.01	0.873500871199
3176	mash	10000	4	0.01	0.88566848717
3176	mash	1000000	4	0.01	0.878941222739
3176	mash	1000	8	0.01	0.825072776361
3176	mash	10000	8	0.01	0.833762937283
3176	mash	1000000	8	0.01	0.829080914904
3176	mash	1000	16	0.01	0.630652876577
3176	mash	10000	16	0.01	0.620621806131
3176	mash	1000000	16	0.01	0.617932617454
3176	mash	1000	32	0.01	0.694237083636
3176	mash	10000	32	0.01	0.702779755243
3176	mash	1000000	32	0.01	0.703956694363
3176	mash	1000	64	0.01	0.605930585969
3176	mash	10000	64	0.01	0.618281295212
3176	mash	1000000	64	0.01	0.625199515683
3176	mash	1000	128	0.01	0.566572418763
3176	mash	10000	128	0.01	0.565763282131
3176	mash	1000000	128	0.01	0.555996819836
3176	mash	1000	16	0.2	0.944338892154
3176	mash	10000	16	0.2	0.941677544661
3176	mash	1000000	16	0.2	0.938473476792
3176	mash	1000	16	0.1	0.915665547848
3176	mash	10000	16	0.1	0.908109094953
3176	mash	1000000	16	0.1	0.910405079576
3176	mash	1000	16	0.05	0.867806921303
3176	mash	10000	16	0.05	0.862351540416
3176	mash	1000000	16	0.05	0.862606730097
3176	mash	1000	16	0.02	0.729966862505
3176	mash	10000	16	0.02	0.733567279054
3176	mash	1000000	16	0.02	0.736979388605
3176	mash	1000	16	0.005	0.283367466926
3176	mash	10000	16	0.005	0.29546306516
3176	mash	1000000	16	0.005	0.304100160837
3176	mash	1000	16	0.002	0.298436899998
3176	mash	10000	16	0.002	0.290203558187
3176	mash	1000000	16	0.002	0.295312503947
3176	mash	1000	16	0.001	0.216403768179
3176	mash	10000	16	0.001	0.224414640202
3176	mash	1000000	16	0.001	0.218071515581
1031	mash	1000	1	0.01	0.756029143356
1031	mash	10000	1	0.01	0.757596866709
1031	mash	1000000	1	0.01	0.753265192219
1031	mash	1000	2	0.01	0.841402968222
1031	mash	10000	2	0.01	0.871285698058
1031	mash	1000000	2	0.01	0.866418875182
1031	mash	1000	4	0.01	0.736248701536
1031	mash	10000	4	0.01	0.760345088577
1031	mash	1000000	4	0.01	0.751037538959
1031	mash	1000	8	0.01	0.866035197734
1031	mash	10000	8	0.01	0.87649847072
1031	mash	1000000	8	0.01	0.866260759969
1031	mash	1000	16	0.01	0.452377064263
1031	mash	10000	16	0.01	0.431409443351
1031	mash	1000000	16	0.01	0.430574837229
1031	mash	1000	32	0.01	0.707410376778
1031	mash	10000	32	0.01	0.677836998747
1031	mash	1000000	32	0.01	0.664554573843
1031	mash	1000	64	0.01	0.610755969444
1031	mash	10000	64	0.01	0.601580438418
1031	mash	1000000	64	0.01	0.59365631654
1031	mash	1000	128	0.01	0.501321407206
1031	mash	10000	128	0.01	0.485223953417
1031	mash	1000000	128	0.01	0.483109589217
1031	mash	1000	16	0.2	0.910338149712
1031	mash	10000	16	0.2	0.92857073164
1031	mash	1000000	16	0.2	0.944395753333
1031	mash	1000	16	0.1	0.939246731889
1031	mash	10000	16	0.1	0.940277103373
1031	mash	1000000	16	0.1	0.93868079073
1031	mash	1000	16	0.05	0.928956426044
1031	mash	10000	16	0.05	0.920903434827
1031	mash	1000000	16	0.05	0.91892040634
1031	mash	1000	16	0.02	0.767317275853
1031	mash	10000	16	0.02	0.752894062125
1031	mash	1000000	16	0.02	0.753951006153
1031	mash	1000	16	0.005	0.434803576914
1031	mash	10000	16	0.005	0.4415765644
1031	mash	1000000	16	0.005	0.437264291515
1031	mash	1000	16	0.002	0.126089125881
1031	mash	10000	16	0.002	0.13074806702
1031	mash	1000000	16	0.002	0.127832909203
1031	mash	1000	16	0.001	0.188067410118
1031	mash	10000	16	0.001	0.183031086232
1031	mash	1000000	16	0.001	0.181369665226
3562	mash	1000	1	0.01	0.441982886147
3562	mash	10000	1	0.01	0.479423240322
3562	mash	1000000	1	0.01	0.467860121543
3562	mash	1000	2	0.01	0.553787237996
3562	mash	10000	2	0.01	0.605911207079
3562	mash	1000000	2	0.01	0.591995239852
3562	mash	1000	4	0.01	0.68034662669
3562	mash	10000	4	0.01	0.75662692283
3562	mash	1000000	4	0.01	0.746722068517
3562	mash	1000	8	0.01	0.70052338242
3562	mash	10000	8	0.01	0.713747790005
3562	mash	1000000	8	0.01	0.717598342583
3562	mash	1000	16	0.01	0.4014059324
3562	mash	10000	16	0.01	0.40131059153
3562	mash	1000000	16	0.01	0.402984634323
3562	mash	1000	32	0.01	0.428953912838
3562	mash	10000	32	0.01	0.455787237291
3562	mash	1000000	32	0.01	0.466791551569
3562	mash	1000	64	0.01	0.504854792855
3562	mash	10000	64	0.01	0.506974409598
3562	mash	1000000	64	0.01	0.511453524193
3562	mash	1000	128	0.01	0.462011182236
3562	mash	10000	128	0.01	0.47982131599
3562	mash	1000000	128	0.01	0.483705638828
3562	mash	1000	16	0.2	0.81504277039
3562	mash	10000	16	0.2	0.812182566183
3562	mash	1000000	16	0.2	0.840197930773
3562	mash	1000	16	0.1	0.857229522796
3562	mash	10000	16	0.1	0.86490241189
3562	mash	1000000	16	0.1	0.840459028243
3562	mash	1000	16	0.05	0.708610115373
3562	mash	10000	16	0.05	0.740462565669
3562	mash	1000000	16	0.05	0.752633067045
3562	mash	1000	16	0.02	0.581666811297
3562	mash	10000	16	0.02	0.558688792722
3562	mash	1000000	16	0.02	0.570674954501
3562	mash	1000	16	0.005	0.229432382618
3562	mash	10000	16	0.005	0.212556660965
3562	mash	1000000	16	0.005	0.202351310877
3562	mash	1000	16	0.002	0.264536889892
3562	mash	10000	16	0.002	0.267170733822
3562	mash	1000000	16	0.002	0.258163404809
3562	mash	1000	16	0.001	0.0567373420967
3562	mash	10000	16	0.001	0.0478448578539
3562	mash	1000000	16	0.001	0.0422097700853
7051	mash	1000	1	0.01	0.714475346145
7051	mash	10000	1	0.01	0.711394779494
7051	mash	1000000	1	0.01	0.704531677607
7051	mash	1000	2	0.01	0.793005632162
7051	mash	10000	2	0.01	0.797667104553
7051	mash	1000000	2	0.01	0.794872130612
7051	mash	1000	4	0.01	0.838150238633
7051	mash	10000	4	0.01	0.845544297067
7051	mash	1000000	4	0.01	0.839298876514
7051	mash	1000	8	0.01	0.791279859065
7051	mash	10000	8	0.01	0.79361597054
7051	mash	1000000	8	0.01	0.792506814268
7051	mash	1000	16	0.01	0.600179884851
7051	mash	10000	16	0.01	0.562194630346
7051	mash	1000000	16	0.01	0.545206938632
7051	mash	1000	32	0.01	0.681631710789
7051	mash	10000	32	0.01	0.671687175852
7051	mash	1000000	32	0.01	0.671953540824
7051	mash	1000	64	0.01	0.667513214556
7051	mash	10000	64	0.01	0.670216805985
7051	mash	1000000	64	0.01	0.67152541581
7051	mash	1000	128	0.01	0.683033751302
7051	mash	10000	128	0.01	0.689434497292
7051	mash	1000000	128	0.01	0.68797348258
7051	mash	1000	16	0.2	0.921731341311
7051	mash	10000	16	0.2	0.900488498872
7051	mash	1000000	16	0.2	0.917675677897
7051	mash	1000	16	0.1	0.884464931032
7051	mash	10000	16	0.1	0.880447735524
7051	mash	1000000	16	0.1	0.895020488257
7051	mash	1000	16	0.05	0.855273023896
7051	mash	10000	16	0.05	0.852144074945
7051	mash	1000000	16	0.05	0.85674139319
7051	mash	1000	16	0.02	0.775251070474
7051	mash	10000	16	0.02	0.781037880083
7051	mash	1000000	16	0.02	0.77564583893
7051	mash	1000	16	0.005	0.39976586943
7051	mash	10000	16	0.005	0.405709664497
7051	mash	1000000	16	0.005	0.406064165434
7051	mash	1000	16	0.002	0.265390290045
7051	mash	10000	16	0.002	0.296661170566
7051	mash	1000000	16	0.002	0.293299243195
7051	mash	1000	16	0.001	0.143404956615
7051	mash	10000	16	0.001	0.125623581528
7051	mash	1000000	16	0.001	0.127868991682
6731	mash	1000	1	0.01	0.448420877559
6731	mash	10000	1	0.01	0.445095779264
6731	mash	1000000	1	0.01	0.446598170632
6731	mash	1000	2	0.01	0.74522537531
6731	mash	10000	2	0.01	0.748898420133
6731	mash	1000000	2	0.01	0.753140235535
6731	mash	1000	4	0.01	0.854172027311
6731	mash	10000	4	0.01	0.872485294622
6731	mash	1000000	4	0.01	0.875279710767
6731	mash	1000	8	0.01	0.797736500297
6731	mash	10000	8	0.01	0.838169568337
6731	mash	1000000	8	0.01	0.842974361086
6731	mash	1000	16	0.01	0.430520258172
6731	mash	10000	16	0.01	0.43718614897
6731	mash	1000000	16	0.01	0.438692335475
6731	mash	1000	32	0.01	0.493095851536
6731	mash	10000	32	0.01	0.529178261162
6731	mash	1000000	32	0.01	0.527201556173
6731	mash	1000	64	0.01	0.544142154756
6731	mash	10000	64	0.01	0.537787582344
6731	mash	1000000	64	0.01	0.539567915627
6731	mash	1000	128	0.01	0.496620491548
6731	mash	10000	128	0.01	0.49091595938
6731	mash	1000000	128	0.01	0.493308664927
6731	mash	1000	16	0.2	0.953360364219
6731	mash	10000	16	0.2	0.956387396423
6731	mash	1000000	16	0.2	0.963491959483
6731	mash	1000	16	0.1	0.916814900363
6731	mash	10000	16	0.1	0.927087530525
6731	mash	1000000	16	0.1	0.936272412878
6731	mash	1000	16	0.05	0.87002118503
6731	mash	10000	16	0.05	0.889820889448
6731	mash	1000000	16	0.05	0.887883688464
6731	mash	1000	16	0.02	0.556746640923
6731	mash	10000	16	0.02	0.569224652412
6731	mash	1000000	16	0.02	0.575628013961
6731	mash	1000	16	0.005	0.375862577047
6731	mash	10000	16	0.005	0.403248603799
6731	mash	1000000	16	0.005	0.408468623828
6731	mash	1000	16	0.002	0.215901936411
6731	mash	10000	16	0.002	0.190988808288
6731	mash	1000000	16	0.002	0.193830830737
6731	mash	1000	16	0.001	-0.0303466205004
6731	mash	10000	16	0.001	-0.0377026406447
6731	mash	1000000	16	0.001	-0.0352638581292
8585	mash	1000	1	0.01	0.580017829804
8585	mash	10000	1	0.01	0.565072396419
8585	mash	1000000	1	0.01	0.55862790206
8585	mash	1000	2	0.01	0.701495473143
8585	mash	10000	2	0.01	0.695488241516
8585	mash	1000000	2	0.01	0.693176650131
8585	mash	1000	4	0.01	0.813705507419
8585	mash	10000	4	0.01	0.830622831445
8585	mash	1000000	4	0.01	0.83260872003
8585	mash	1000	8	0.01	0.651407818125
8585	mash	10000	8	0.01	0.710861410897
8585	mash	1000000	8	0.01	0.701767401387
8585	mash	1000	16	0.01	0.491183227888
8585	mash	10000	16	0.01	0.511017536032
8585	mash	1000000	16	0.01	0.510100557323
8585	mash	1000	32	0.01	0.468990731731
8585	mash	10000	32	0.01	0.492368001742
8585	mash	1000000	32	0.01	0.493759253202
8585	mash	1000	64	0.01	0.474315290762
8585	mash	10000	64	0.01	0.494267439564
8585	mash	1000000	64	0.01	0.488189893442
8585	mash	1000	128	0.01	0.554791389539
8585	mash	10000	128	0.01	0.57386155842
8585	mash	1000000	128	0.01	0.56623328349
8585	mash	1000	16	0.2	0.847424720872
8585	mash	10000	16	0.2	0.840080251315
8585	mash	1000000	16	0.2	0.844313419435
8585	mash	1000	16	0.1	0.791090654098
8585	mash	10000	16	0.1	0.818521891051
8585	mash	1000000	16	0.1	0.8233389507
8585	mash	1000	16	0.05	0.76883848357
8585	mash	10000	16	0.05	0.778875259474
8585	mash	1000000	16	0.05	0.779702491139
8585	mash	1000	16	0.02	0.61056164262
8585	mash	10000	16	0.02	0.58834983781
8585	mash	1000000	16	0.02	0.595515636289
8585	mash	1000	16	0.005	0.26709639565
8585	mash	10000	16	0.005	0.285333857003
8585	mash	1000000	16	0.005	0.288274638741
8585	mash	1000	16	0.002	0.199409132011
8585	mash	10000	16	0.002	0.194924106592
8585	mash	1000000	16	0.002	0.194982625496
8585	mash	1000	16	0.001	0.0246386147243
8585	mash	10000	16	0.001	-0.00310266670308
8585	mash	1000000	16	0.001	-0.0165385429992
1928	mash	1000	1	0.01	0.701724643185
1928	mash	10000	1	0.01	0.663379870786
1928	mash	1000000	1	0.01	0.658947458715
1928	mash	1000	2	0.01	0.799559733495
1928	mash	10000	2	0.01	0.809418806919
1928	mash	1000000	2	0.01	0.802436252164
1928	mash	1000	4	0.01	0.891170538751
1928	mash	10000	4	0.01	0.897841835025
1928	mash	1000000	4	0.01	0.899361001456
1928	mash	1000	8	0.01	0.820113037247
1928	mash	10000	8	0.01	0.834435154487
1928	mash	1000000	8	0.01	0.838724391752
1928	mash	1000	16	0.01	0.470716398498
1928	mash	10000	16	0.01	0.487806161066
1928	mash	1000000	16	0.01	0.485408082131
1928	mash	1000	32	0.01	0.542249971531
1928	mash	10000	32	0.01	0.549453154352
1928	mash	1000000	32	0.01	0.552314202058
1928	mash	1000	64	0.01	0.41109225056
1928	mash	10000	64	0.01	0.445563410744
1928	mash	1000000	64	0.01	0.440296869252
1928	mash	1000	128	0.01	0.612779951494
1928	mash	10000	128	0.01	0.640140842471
1928	mash	1000000	128	0.01	0.636934475882
1928	mash	1000	16	0.2	0.928985343527
1928	mash	10000	16	0.2	0.92756595373
1928	mash	1000000	16	0.2	0.916302746587
1928	mash	1000	16	0.1	0.918862570213
1928	mash	10000	16	0.1	0.924179728274
1928	mash	1000000	16	0.1	0.928394313395
1928	mash	1000	16	0.05	0.890776557256
1928	mash	10000	16	0.05	0.885255325215
1928	mash	1000000	16	0.05	0.884770207874
1928	mash	1000	16	0.02	0.510029295982
1928	mash	10000	16	0.02	0.523910394087
1928	mash	1000000	16	0.02	0.516579037623
1928	mash	1000	16	0.005	0.279986936113
1928	mash	10000	16	0.005	0.278020793432
1928	mash	1000000	16	0.005	0.289205838349
1928	mash	1000	16	0.002	0.0450095643321
1928	mash	10000	16	0.002	0.0561330160457
1928	mash	1000000	16	0.002	0.0553029388522
1928	mash	1000	16	0.001	-0.0738803521969
1928	mash	10000	16	0.001	-0.0769696013604
1928	mash	1000000	16	0.001	-0.0838381908867
6777	mash	1000	1	0.01	0.770827205818
6777	mash	10000	1	0.01	0.779985919053
6777	mash	1000000	1	0.01	0.788134974298
6777	mash	1000	2	0.01	0.762306961594
6777	mash	10000	2	0.01	0.767901448928
6777	mash	1000000	2	0.01	0.772493597333
6777	mash	1000	4	0.01	0.848170897033
6777	mash	10000	4	0.01	0.849253858747
6777	mash	1000000	4	0.01	0.854925986673
6777	mash	1000	8	0.01	0.809482315295
6777	mash	10000	8	0.01	0.817176515654
6777	mash	1000000	8	0.01	0.817835017818
6777	mash	1000	16	0.01	0.446282924927
6777	mash	10000	16	0.01	0.429690768324
6777	mash	1000000	16	0.01	0.43161758645
6777	mash	1000	32	0.01	0.707741339407
6777	mash	10000	32	0.01	0.712801324506
6777	mash	1000000	32	0.01	0.719079123243
6777	mash	1000	64	0.01	0.640626551157
6777	mash	10000	64	0.01	0.634836826149
6777	mash	1000000	64	0.01	0.626901067471
6777	mash	1000	128	0.01	0.47579561806
6777	mash	10000	128	0.01	0.481941360178
6777	mash	1000000	128	0.01	0.477399568694
6777	mash	1000	16	0.2	0.926861008622
6777	mash	10000	16	0.2	0.916548173952
6777	mash	1000000	16	0.2	0.912639012495
6777	mash	1000	16	0.1	0.898689562841
6777	mash	10000	16	0.1	0.89305441811
6777	mash	1000000	16	0.1	0.895271488349
6777	mash	1000	16	0.05	0.859120179293
6777	mash	10000	16	0.05	0.864970982425
6777	mash	1000000	16	0.05	0.865151793438
6777	mash	1000	16	0.02	0.754003778732
6777	mash	10000	16	0.02	0.746271366357
6777	mash	1000000	16	0.02	0.748991055393
6777	mash	1000	16	0.005	0.376009065297
6777	mash	10000	16	0.005	0.38437011121
6777	mash	1000000	16	0.005	0.380712021358
6777	mash	1000	16	0.002	0.129431160738
6777	mash	10000	16	0.002	0.163873703207
6777	mash	1000000	16	0.002	0.162599276447
6777	mash	1000	16	0.001	0.101695199251
6777	mash	10000	16	0.001	0.103353551763
6777	mash	1000000	16	0.001	0.0978778443219
4819	mash	1000	1	0.01	0.57172286281
4819	mash	10000	1	0.01	0.572186035885
4819	mash	1000000	1	0.01	0.572852039806
4819	mash	1000	2	0.01	0.742156012533
4819	mash	10000	2	0.01	0.741268254895
4819	mash	1000000	2	0.01	0.736070695001
4819	mash	1000	4	0.01	0.822876113998
4819	mash	10000	4	0.01	0.835684946365
4819	mash	1000000	4	0.01	0.827736170696
4819	mash	1000	8	0.01	0.83020837219
4819	mash	10000	8	0.01	0.855917744279
4819	mash	1000000	8	0.01	0.851800506405
4819	mash	1000	16	0.01	0.492729840381
4819	mash	10000	16	0.01	0.482316726249
4819	mash	1000000	16	0.01	0.476923436824
4819	mash	1000	32	0.01	0.569616589453
4819	mash	10000	32	0.01	0.557277361214
4819	mash	1000000	32	0.01	0.552600882126
4819	mash	1000	64	0.01	0.67097991674
4819	mash	10000	64	0.01	0.643077066052
4819	mash	1000000	64	0.01	0.644986593673
4819	mash	1000	128	0.01	0.711444063231
4819	mash	10000	128	0.01	0.710295465168
4819	mash	1000000	128	0.01	0.715513963634
4819	mash	1000	16	0.2	0.888603059334
4819	mash	10000	16	0.2	0.854770670535
4819	mash	1000000	16	0.2	0.875249813511
4819	mash	1000	16	0.1	0.84753604142
4819	mash	10000	16	0.1	0.867543106844
4819	mash	1000000	16	0.1	0.885403834129
4819	mash	1000	16	0.05	0.838269498436
4819	mash	10000	16	0.05	0.844795960587
4819	mash	1000000	16	0.05	0.839080289806
4819	mash	1000	16	0.02	0.747304372808
4819	mash	10000	16	0.02	0.769922215058
4819	mash	1000000	16	0.02	0.779667211341
4819	mash	1000	16	0.005	0.335031833312
4819	mash	10000	16	0.005	0.307774956416
4819	mash	1000000	16	0.005	0.306452033179
4819	mash	1000	16	0.002	0.190712133003
4819	mash	10000	16	0.002	0.151171903843
4819	mash	1000000	16	0.002	0.150688956412
4819	mash	1000	16	0.001	0.122571269996
4819	mash	10000	16	0.001	0.117246765722
4819	mash	1000000	16	0.001	0.118007982869
6227	mash	1000	1	0.01	0.755335288238
6227	mash	10000	1	0.01	0.772512123837
6227	mash	1000000	1	0.01	0.773838755286
6227	mash	1000	2	0.01	0.619592360459
6227	mash	10000	2	0.01	0.644865700287
6227	mash	1000000	2	0.01	0.642470293861
6227	mash	1000	4	0.01	0.816075975381
6227	mash	10000	4	0.01	0.843898181932
6227	mash	1000000	4	0.01	0.842202060858
6227	mash	1000	8	0.01	0.819083049665
6227	mash	10000	8	0.01	0.849396575678
6227	mash	1000000	8	0.01	0.845892818918
6227	mash	1000	16	0.01	0.505103759942
6227	mash	10000	16	0.01	0.479121375619
6227	mash	1000000	16	0.01	0.477966980918
6227	mash	1000	32	0.01	0.62216794694
6227	mash	10000	32	0.01	0.622090561422
6227	mash	1000000	32	0.01	0.620335534556
6227	mash	1000	64	0.01	0.653472015222
6227	mash	10000	64	0.01	0.644623914964
6227	mash	1000000	64	0.01	0.6468750785
6227	mash	1000	128	0.01	0.602033611798
6227	mash	10000	128	0.01	0.605606559199
6227	mash	1000000	128	0.01	0.59638497981
6227	mash	1000	16	0.2	0.922958792361
6227	mash	10000	16	0.2	0.937301811736
6227	mash	1000000	16	0.2	0.92486587333
6227	mash	1000	16	0.1	0.893897095954
6227	mash	10000	16	0.1	0.907518180171
6227	mash	1000000	16	0.1	0.909742767064
6227	mash	1000	16	0.05	0.832311066934
6227	mash	10000	16	0.05	0.812251875782
6227	mash	1000000	16	0.05	0.810090899148
6227	mash	1000	16	0.02	0.696161937567
6227	mash	10000	16	0.02	0.690871816978
6227	mash	1000000	16	0.02	0.699605822406
6227	mash	1000	16	0.005	0.282128808306
6227	mash	10000	16	0.005	0.283112460935
6227	mash	1000000	16	0.005	0.279790199805
6227	mash	1000	16	0.002	0.204959876054
6227	mash	10000	16	0.002	0.209422712182
6227	mash	1000000	16	0.002	0.213587644335
6227	mash	1000	16	0.001	0.0361054333274
6227	mash	10000	16	0.001	0.0446065391577
6227	mash	1000000	16	0.001	0.0497412848951
8088	mash	1000	1	0.01	0.639527839254
8088	mash	10000	1	0.01	0.62498927745
8088	mash	1000000	1	0.01	0.627955160587
8088	mash	1000	2	0.01	0.83666140358
8088	mash	10000	2	0.01	0.832450862114
8088	mash	1000000	2	0.01	0.832537603459
8088	mash	1000	4	0.01	0.764488022487
8088	mash	10000	4	0.01	0.748306854136
8088	mash	1000000	4	0.01	0.751756594947
8088	mash	1000	8	0.01	0.832036951897
8088	mash	10000	8	0.01	0.822376090792
8088	mash	1000000	8	0.01	0.822682706198
8088	mash	1000	16	0.01	0.684360323827
8088	mash	10000	16	0.01	0.672775178964
8088	mash	1000000	16	0.01	0.674661264228
8088	mash	1000	32	0.01	0.766365645278
8088	mash	10000	32	0.01	0.763383264714
8088	mash	1000000	32	0.01	0.7623228014
8088	mash	1000	64	0.01	0.76699898788
8088	mash	10000	64	0.01	0.758707277776
8088	mash	1000000	64	0.01	0.755561636457
8088	mash	1000	128	0.01	0.612817755097
8088	mash	10000	128	0.01	0.610369668104
8088	mash	1000000	128	0.01	0.604068789759
8088	mash	1000	16	0.2	0.958316432033
8088	mash	10000	16	0.2	0.953965239606
8088	mash	1000000	16	0.2	0.95754799811
8088	mash	1000	16	0.1	0.90334272842
8088	mash	10000	16	0.1	0.909705421662
8088	mash	1000000	16	0.1	0.904428274403
8088	mash	1000	16	0.05	0.816857671178
8088	mash	10000	16	0.05	0.827043498144
8088	mash	1000000	16	0.05	0.8273589064
8088	mash	1000	16	0.02	0.843445148367
8088	mash	10000	16	0.02	0.839930582823
8088	mash	1000000	16	0.02	0.83980898907
8088	mash	1000	16	0.005	0.338346928096
8088	mash	10000	16	0.005	0.35073169503
8088	mash	1000000	16	0.005	0.350732553468
8088	mash	1000	16	0.002	0.283698505076
8088	mash	10000	16	0.002	0.265095032213
8088	mash	1000000	16	0.002	0.254812398438
8088	mash	1000	16	0.001	0.138823292863
8088	mash	10000	16	0.001	0.131043111
8088	mash	1000000	16	0.001	0.13457599324
3544	mash	1000	1	0.01	0.671683771282
3544	mash	10000	1	0.01	0.693368588357
3544	mash	1000000	1	0.01	0.699485791413
3544	mash	1000	2	0.01	0.747353471124
3544	mash	10000	2	0.01	0.768786833745
3544	mash	1000000	2	0.01	0.769770589613
3544	mash	1000	4	0.01	0.797910813259
3544	mash	10000	4	0.01	0.82989979253
3544	mash	1000000	4	0.01	0.837715388626
3544	mash	1000	8	0.01	0.803410882052
3544	mash	10000	8	0.01	0.821168824763
3544	mash	1000000	8	0.01	0.825029851542
3544	mash	1000	16	0.01	0.581865263873
3544	mash	10000	16	0.01	0.580192844267
3544	mash	1000000	16	0.01	0.586134987717
3544	mash	1000	32	0.01	0.660713278238
3544	mash	10000	32	0.01	0.659612980218
3544	mash	1000000	32	0.01	0.66472099573
3544	mash	1000	64	0.01	0.708815795508
3544	mash	10000	64	0.01	0.721148907178
3544	mash	1000000	64	0.01	0.724320905155
3544	mash	1000	128	0.01	0.700737091896
3544	mash	10000	128	0.01	0.714928370102
3544	mash	1000000	128	0.01	0.722402020636
3544	mash	1000	16	0.2	0.842592152082
3544	mash	10000	16	0.2	0.871919253966
3544	mash	1000000	16	0.2	0.865933043371
3544	mash	1000	16	0.1	0.901299813269
3544	mash	10000	16	0.1	0.88550577987
3544	mash	1000000	16	0.1	0.873425442096
3544	mash	1000	16	0.05	0.81988837137
3544	mash	10000	16	0.05	0.81989766017
3544	mash	1000000	16	0.05	0.820263941126
3544	mash	1000	16	0.02	0.796912235302
3544	mash	10000	16	0.02	0.798709038652
3544	mash	1000000	16	0.02	0.797508207309
3544	mash	1000	16	0.005	0.387865351647
3544	mash	10000	16	0.005	0.403644238925
3544	mash	1000000	16	0.005	0.4023040835
3544	mash	1000	16	0.002	0.315678352144
3544	mash	10000	16	0.002	0.320968036702
3544	mash	1000000	16	0.002	0.324908310662
3544	mash	1000	16	0.001	0.0676933580922
3544	mash	10000	16	0.001	0.0742473893927
3544	mash	1000000	16	0.001	0.0719735038652
2841	mash	1000	1	0.01	0.553774898464
2841	mash	10000	1	0.01	0.569002795262
2841	mash	1000000	1	0.01	0.574678500574
2841	mash	1000	2	0.01	0.776571393211
2841	mash	10000	2	0.01	0.780497190032
2841	mash	1000000	2	0.01	0.787358974389
2841	mash	1000	4	0.01	0.76582783514
2841	mash	10000	4	0.01	0.773254093284
2841	mash	1000000	4	0.01	0.773423540338
2841	mash	1000	8	0.01	0.815718967477
2841	mash	10000	8	0.01	0.805802691719
2841	mash	1000000	8	0.01	0.81697433326
2841	mash	1000	16	0.01	0.482025901118
2841	mash	10000	16	0.01	0.473497784417
2841	mash	1000000	16	0.01	0.479732979782
2841	mash	1000	32	0.01	0.512727116126
2841	mash	10000	32	0.01	0.50320844932
2841	mash	1000000	32	0.01	0.524960554693
2841	mash	1000	64	0.01	0.648392458902
2841	mash	10000	64	0.01	0.656885007534
2841	mash	1000000	64	0.01	0.666610929176
2841	mash	1000	128	0.01	0.650310273749
2841	mash	10000	128	0.01	0.669137217716
2841	mash	1000000	128	0.01	0.67542427847
2841	mash	1000	16	0.2	0.878522684969
2841	mash	10000	16	0.2	0.849081788042
2841	mash	1000000	16	0.2	0.903068296546
2841	mash	1000	16	0.1	0.846467387268
2841	mash	10000	16	0.1	0.85840868573
2841	mash	1000000	16	0.1	0.859018413231
2841	mash	1000	16	0.05	0.869202434868
2841	mash	10000	16	0.05	0.870631382471
2841	mash	1000000	16	0.05	0.867871572235
2841	mash	1000	16	0.02	0.722155175256
2841	mash	10000	16	0.02	0.660197655868
2841	mash	1000000	16	0.02	0.653317701194
2841	mash	1000	16	0.005	0.386365957803
2841	mash	10000	16	0.005	0.381198710715
2841	mash	1000000	16	0.005	0.373039235573
2841	mash	1000	16	0.002	0.248334514004
2841	mash	10000	16	0.002	0.246435011759
2841	mash	1000000	16	0.002	0.24886790469
2841	mash	1000	16	0.001	0.0135815335216
2841	mash	10000	16	0.001	-0.0086089345629
2841	mash	1000000	16	0.001	-0.00429782099531
7610	mash	1000	1	0.01	0.814258041394
7610	mash	10000	1	0.01	0.81960544991
7610	mash	1000000	1	0.01	0.817329822028
7610	mash	1000	2	0.01	0.738217222467
7610	mash	10000	2	0.01	0.736710945187
7610	mash	1000000	2	0.01	0.735198621792
7610	mash	1000	4	0.01	0.881111802019
7610	mash	10000	4	0.01	0.882855144117
7610	mash	1000000	4	0.01	0.880475731827
7610	mash	1000	8	0.01	0.862176572857
7610	mash	10000	8	0.01	0.868014779538
7610	mash	1000000	8	0.01	0.863295858925
7610	mash	1000	16	0.01	0.555785333523
7610	mash	10000	16	0.01	0.559001484423
7610	mash	1000000	16	0.01	0.557212543319
7610	mash	1000	32	0.01	0.662447830434
7610	mash	10000	32	0.01	0.655053017344
7610	mash	1000000	32	0.01	0.658078242905
7610	mash	1000	64	0.01	0.581991735067
7610	mash	10000	64	0.01	0.562573797857
7610	mash	1000000	64	0.01	0.557959080615
7610	mash	1000	128	0.01	0.733291621968
7610	mash	10000	128	0.01	0.730758867155
7610	mash	1000000	128	0.01	0.736753466981
7610	mash	1000	16	0.2	0.91696485093
7610	mash	10000	16	0.2	0.925875587912
7610	mash	1000000	16	0.2	0.933948958196
7610	mash	1000	16	0.1	0.881036709357
7610	mash	10000	16	0.1	0.885873652314
7610	mash	1000000	16	0.1	0.895236870535
7610	mash	1000	16	0.05	0.884807763657
7610	mash	10000	16	0.05	0.909477521392
7610	mash	1000000	16	0.05	0.909167498529
7610	mash	1000	16	0.02	0.644290434739
7610	mash	10000	16	0.02	0.681438581471
7610	mash	1000000	16	0.02	0.682631465305
7610	mash	1000	16	0.005	0.291692760207
7610	mash	10000	16	0.005	0.320269671996
7610	mash	1000000	16	0.005	0.313542968014
7610	mash	1000	16	0.002	0.0380274951077
7610	mash	10000	16	0.002	0.0754522226199
7610	mash	1000000	16	0.002	0.074369277974
7610	mash	1000	16	0.001	0.190231986376
7610	mash	10000	16	0.001	0.171799587944
7610	mash	1000000	16	0.001	0.17086327472
6461	mash	1000	1	0.01	0.632078918362
6461	mash	10000	1	0.01	0.65599984478
6461	mash	1000000	1	0.01	0.66049456979
6461	mash	1000	2	0.01	0.779506289777
6461	mash	10000	2	0.01	0.793818383488
6461	mash	1000000	2	0.01	0.796750614416
6461	mash	1000	4	0.01	0.853192270762
6461	mash	10000	4	0.01	0.848772827379
6461	mash	1000000	4	0.01	0.850125994334
6461	mash	1000	8	0.01	0.792692922285
6461	mash	10000	8	0.01	0.801688709493
6461	mash	1000000	8	0.01	0.804193795374
6461	mash	1000	16	0.01	0.53475250779
6461	mash	10000	16	0.01	0.530261922183
6461	mash	1000000	16	0.01	0.537800137075
6461	mash	1000	32	0.01	0.516723012698
6461	mash	10000	32	0.01	0.533882792566
6461	mash	1000000	32	0.01	0.543540530519
6461	mash	1000	64	0.01	0.703546120394
6461	mash	10000	64	0.01	0.702252542001
6461	mash	1000000	64	0.01	0.696923109556
6461	mash	1000	128	0.01	0.7434491554
6461	mash	10000	128	0.01	0.755884527299
6461	mash	1000000	128	0.01	0.755737394853
6461	mash	1000	16	0.2	0.875904615119
6461	mash	10000	16	0.2	0.89209758949
6461	mash	1000000	16	0.2	0.857249658375
6461	mash	1000	16	0.1	0.829275591574
6461	mash	10000	16	0.1	0.837495675278
6461	mash	1000000	16	0.1	0.831032754866
6461	mash	1000	16	0.05	0.832450750175
6461	mash	10000	16	0.05	0.822774807382
6461	mash	1000000	16	0.05	0.821396237772
6461	mash	1000	16	0.02	0.774319696152
6461	mash	10000	16	0.02	0.775920038107
6461	mash	1000000	16	0.02	0.774556129705
6461	mash	1000	16	0.005	0.579400077434
6461	mash	10000	16	0.005	0.561788185572
6461	mash	1000000	16	0.005	0.555139039755
6461	mash	1000	16	0.002	0.192431105655
6461	mash	10000	16	0.002	0.208960117141
6461	mash	1000000	16	0.002	0.200403552524
6461	mash	1000	16	0.001	0.192945964643
6461	mash	10000	16	0.001	0.175440265622
6461	mash	1000000	16	0.001	0.176663439901
7837	mash	1000	1	0.01	0.423151012683
7837	mash	10000	1	0.01	0.445898647024
7837	mash	1000000	1	0.01	0.462229794802
7837	mash	1000	2	0.01	0.609932371765
7837	mash	10000	2	0.01	0.641310606476
7837	mash	1000000	2	0.01	0.655269399632
7837	mash	1000	4	0.01	0.818416957904
7837	mash	10000	4	0.01	0.824953347404
7837	mash	1000000	4	0.01	0.840818454092
7837	mash	1000	8	0.01	0.754952255172
7837	mash	10000	8	0.01	0.74337530799
7837	mash	1000000	8	0.01	0.760879385404
7837	mash	1000	16	0.01	0.382845744102
7837	mash	10000	16	0.01	0.391056783486
7837	mash	1000000	16	0.01	0.396320520402
7837	mash	1000	32	0.01	0.529346280327
7837	mash	10000	32	0.01	0.533156879092
7837	mash	1000000	32	0.01	0.529104822721
7837	mash	1000	64	0.01	0.459764863152
7837	mash	10000	64	0.01	0.456843929213
7837	mash	1000000	64	0.01	0.462786660348
7837	mash	1000	128	0.01	0.540237618761
7837	mash	10000	128	0.01	0.526759167152
7837	mash	1000000	128	0.01	0.526237383204
7837	mash	1000	16	0.2	0.88415817619
7837	mash	10000	16	0.2	0.909891457116
7837	mash	1000000	16	0.2	0.903175745032
7837	mash	1000	16	0.1	0.868830382283
7837	mash	10000	16	0.1	0.876898536371
7837	mash	1000000	16	0.1	0.882382300445
7837	mash	1000	16	0.05	0.8021061618
7837	mash	10000	16	0.05	0.79521229171
7837	mash	1000000	16	0.05	0.790445609374
7837	mash	1000	16	0.02	0.705002904014
7837	mash	10000	16	0.02	0.712291454725
7837	mash	1000000	16	0.02	0.706087114611
7837	mash	1000	16	0.005	0.25126026039
7837	mash	10000	16	0.005	0.225893712486
7837	mash	1000000	16	0.005	0.223651953704
7837	mash	1000	16	0.002	0.114367108888
7837	mash	10000	16	0.002	0.120736560761
7837	mash	1000000	16	0.002	0.129327814398
7837	mash	1000	16	0.001	0.0956230297838
7837	mash	10000	16	0.001	0.0804621026862
7837	mash	1000000	16	0.001	0.085322225855
