2656	wip	1e8	1	0.01	0.796843385214
2656	ip	1e8	1	0.01	0.777059784605
2656	wip	1e8	2	0.01	0.84184503863
2656	ip	1e8	2	0.01	0.808353877398
2656	wip	1e8	4	0.01	0.885247781101
2656	ip	1e8	4	0.01	0.856960660481
2656	wip	1e8	8	0.01	0.892548920072
2656	ip	1e8	8	0.01	0.862245629519
2656	wip	1e8	16	0.01	0.923825110053
2656	ip	1e8	16	0.01	0.889615186831
2656	wip	1e8	32	0.01	0.906213405818
2656	ip	1e8	32	0.01	0.870710716431
2656	wip	1e8	64	0.01	0.916517141731
2656	ip	1e8	64	0.01	0.904688986936
2656	wip	1e8	128	0.01	0.920988655728
2656	ip	1e8	128	0.01	0.912911634091
2656	wip	1e8	30	0.2	0.895700180684
2656	ip	1e8	30	0.2	0.943254145229
2656	wip	1e8	30	0.1	0.923746991928
2656	ip	1e8	30	0.1	0.904709988128
2656	wip	1e8	30	0.05	0.837251146362
2656	ip	1e8	30	0.05	0.904968486466
2656	wip	1e8	30	0.02	0.827527627845
2656	ip	1e8	30	0.02	0.901657729551
2656	wip	1e8	30	0.01	0.91332255461
2656	ip	1e8	30	0.01	0.889979177643
2656	wip	1e8	30	0.005	0.847608673521
2656	ip	1e8	30	0.005	0.894060194168
2656	wip	1e8	30	0.002	0.852799060943
2656	ip	1e8	30	0.002	0.856693719864
2656	wip	1e8	30	0.001	0.929576078712
2656	ip	1e8	30	0.001	0.631952248609
7460	wip	1e8	1	0.01	0.735312741453
7460	ip	1e8	1	0.01	0.728313553898
7460	wip	1e8	2	0.01	0.897225527957
7460	ip	1e8	2	0.01	0.88412082675
7460	wip	1e8	4	0.01	0.867070942368
7460	ip	1e8	4	0.01	0.800729658818
7460	wip	1e8	8	0.01	0.921201458677
7460	ip	1e8	8	0.01	0.922647922617
7460	wip	1e8	16	0.01	0.941568207648
7460	ip	1e8	16	0.01	0.944001245946
7460	wip	1e8	32	0.01	0.932950357201
7460	ip	1e8	32	0.01	0.950080862206
7460	wip	1e8	64	0.01	0.929001579338
7460	ip	1e8	64	0.01	0.957092306778
7460	wip	1e8	128	0.01	0.930731037562
7460	ip	1e8	128	0.01	0.954204348556
7460	wip	1e8	30	0.2	0.961045048811
7460	ip	1e8	30	0.2	0.953861413474
7460	wip	1e8	30	0.1	0.957374872208
7460	ip	1e8	30	0.1	0.942701583801
7460	wip	1e8	30	0.05	0.956941792833
7460	ip	1e8	30	0.05	0.950761651102
7460	wip	1e8	30	0.02	0.964701273187
7460	ip	1e8	30	0.02	0.952569037508
7460	wip	1e8	30	0.01	0.925883397961
7460	ip	1e8	30	0.01	0.941541571095
7460	wip	1e8	30	0.005	0.945181099774
7460	ip	1e8	30	0.005	0.908583813259
7460	wip	1e8	30	0.002	0.971498142339
7460	ip	1e8	30	0.002	0.910709821491
7460	wip	1e8	30	0.001	0.953772231662
7460	ip	1e8	30	0.001	0.89039105079
1285	wip	1e8	1	0.01	0.837861447394
1285	ip	1e8	1	0.01	0.830753094554
1285	wip	1e8	2	0.01	0.846705599297
1285	ip	1e8	2	0.01	0.809982112546
1285	wip	1e8	4	0.01	0.862025623976
1285	ip	1e8	4	0.01	0.84578183619
1285	wip	1e8	8	0.01	0.872877953608
1285	ip	1e8	8	0.01	0.848482518766
1285	wip	1e8	16	0.01	0.883673206362
1285	ip	1e8	16	0.01	0.864029002626
1285	wip	1e8	32	0.01	0.891076272294
1285	ip	1e8	32	0.01	0.910354729678
1285	wip	1e8	64	0.01	0.893099626709
1285	ip	1e8	64	0.01	0.915589208093
1285	wip	1e8	128	0.01	0.893739778164
1285	ip	1e8	128	0.01	0.944750860005
1285	wip	1e8	30	0.2	0.848986233738
1285	ip	1e8	30	0.2	0.859400948151
1285	wip	1e8	30	0.1	0.819331586929
1285	ip	1e8	30	0.1	0.850812407353
1285	wip	1e8	30	0.05	0.827772200177
1285	ip	1e8	30	0.05	0.897000999562
1285	wip	1e8	30	0.02	0.927975878681
1285	ip	1e8	30	0.02	0.861170240505
1285	wip	1e8	30	0.01	0.891866836715
1285	ip	1e8	30	0.01	0.898535185255
1285	wip	1e8	30	0.005	0.913412532205
1285	ip	1e8	30	0.005	0.871037603965
1285	wip	1e8	30	0.002	0.955320119768
1285	ip	1e8	30	0.002	0.830678873109
1285	wip	1e8	30	0.001	0.781666339006
1285	ip	1e8	30	0.001	0.715545408122
9671	wip	1e8	1	0.01	0.831955265953
9671	ip	1e8	1	0.01	0.807886967802
9671	wip	1e8	2	0.01	0.842578105823
9671	ip	1e8	2	0.01	0.804207484655
9671	wip	1e8	4	0.01	0.904339194727
9671	ip	1e8	4	0.01	0.8840406477
9671	wip	1e8	8	0.01	0.914387809157
9671	ip	1e8	8	0.01	0.903593923145
9671	wip	1e8	16	0.01	0.914160742359
9671	ip	1e8	16	0.01	0.917428188327
9671	wip	1e8	32	0.01	0.911181275665
9671	ip	1e8	32	0.01	0.928834272801
9671	wip	1e8	64	0.01	0.909573840974
9671	ip	1e8	64	0.01	0.931984353509
9671	wip	1e8	128	0.01	0.915222900403
9671	ip	1e8	128	0.01	0.952168010302
9671	wip	1e8	30	0.2	0.963083743512
9671	ip	1e8	30	0.2	0.945108305032
9671	wip	1e8	30	0.1	0.931678114296
9671	ip	1e8	30	0.1	0.949945154057
9671	wip	1e8	30	0.05	0.924600106211
9671	ip	1e8	30	0.05	0.919341511598
9671	wip	1e8	30	0.02	0.929935732118
9671	ip	1e8	30	0.02	0.933369126241
9671	wip	1e8	30	0.01	0.90656282643
9671	ip	1e8	30	0.01	0.900548434778
9671	wip	1e8	30	0.005	0.973200076915
9671	ip	1e8	30	0.005	0.934720180999
9671	wip	1e8	30	0.002	0.911933425454
9671	ip	1e8	30	0.002	0.857846383846
9671	wip	1e8	30	0.001	0.920154949277
9671	ip	1e8	30	0.001	0.741964765041
3176	wip	1e8	1	0.01	0.822681002488
3176	ip	1e8	1	0.01	0.7909860476
3176	wip	1e8	2	0.01	0.869593777358
3176	ip	1e8	2	0.01	0.837906715444
3176	wip	1e8	4	0.01	0.900734139682
3176	ip	1e8	4	0.01	0.852797550507
3176	wip	1e8	8	0.01	0.912177731943
3176	ip	1e8	8	0.01	0.912349607276
3176	wip	1e8	16	0.01	0.926662756669
3176	ip	1e8	16	0.01	0.929727323549
3176	wip	1e8	32	0.01	0.918800335058
3176	ip	1e8	32	0.01	0.940368116972
3176	wip	1e8	64	0.01	0.917403067288
3176	ip	1e8	64	0.01	0.943472905895
3176	wip	1e8	128	0.01	0.919429242045
3176	ip	1e8	128	0.01	0.955611163155
3176	wip	1e8	30	0.2	0.908645444675
3176	ip	1e8	30	0.2	0.947349096123
3176	wip	1e8	30	0.1	0.971173912292
3176	ip	1e8	30	0.1	0.952277479218
3176	wip	1e8	30	0.05	0.933321661572
3176	ip	1e8	30	0.05	0.97359846506
3176	wip	1e8	30	0.02	0.933087577913
3176	ip	1e8	30	0.02	0.946126786358
3176	wip	1e8	30	0.01	0.922149803709
3176	ip	1e8	30	0.01	0.943182064746
3176	wip	1e8	30	0.005	0.920819967042
3176	ip	1e8	30	0.005	0.909049865398
3176	wip	1e8	30	0.002	0.890573735427
3176	ip	1e8	30	0.002	0.883342276154
3176	wip	1e8	30	0.001	0.908904548824
3176	ip	1e8	30	0.001	0.662172319784
1031	wip	1e8	1	0.01	0.714094308377
1031	ip	1e8	1	0.01	0.72620525115
1031	wip	1e8	2	0.01	0.742647280493
1031	ip	1e8	2	0.01	0.740684880622
1031	wip	1e8	4	0.01	0.951532596452
1031	ip	1e8	4	0.01	0.927159309255
1031	wip	1e8	8	0.01	0.96604876256
1031	ip	1e8	8	0.01	0.925368643976
1031	wip	1e8	16	0.01	0.975955372072
1031	ip	1e8	16	0.01	0.94872444278
1031	wip	1e8	32	0.01	0.976674438981
1031	ip	1e8	32	0.01	0.957027327571
1031	wip	1e8	64	0.01	0.978108766814
1031	ip	1e8	64	0.01	0.96762385499
1031	wip	1e8	128	0.01	0.977663701469
1031	ip	1e8	128	0.01	0.958585787753
1031	wip	1e8	30	0.2	0.963191841776
1031	ip	1e8	30	0.2	0.981123911214
1031	wip	1e8	30	0.1	0.924580858416
1031	ip	1e8	30	0.1	0.958049077484
1031	wip	1e8	30	0.05	0.939386802861
1031	ip	1e8	30	0.05	0.979139848007
1031	wip	1e8	30	0.02	0.962070883357
1031	ip	1e8	30	0.02	0.959086531953
1031	wip	1e8	30	0.01	0.969902963868
1031	ip	1e8	30	0.01	0.957660771938
1031	wip	1e8	30	0.005	0.970545559357
1031	ip	1e8	30	0.005	0.942584619309
1031	wip	1e8	30	0.002	0.954295076578
1031	ip	1e8	30	0.002	0.833635889124
1031	wip	1e8	30	0.001	0.911386930972
1031	ip	1e8	30	0.001	0.771754406591
3562	wip	1e8	1	0.01	0.743748236164
3562	ip	1e8	1	0.01	0.668885865277
3562	wip	1e8	2	0.01	0.77173644551
3562	ip	1e8	2	0.01	0.661644813517
3562	wip	1e8	4	0.01	0.831586625281
3562	ip	1e8	4	0.01	0.712560274477
3562	wip	1e8	8	0.01	0.926333671737
3562	ip	1e8	8	0.01	0.833244110476
3562	wip	1e8	16	0.01	0.920184058227
3562	ip	1e8	16	0.01	0.838375712011
3562	wip	1e8	32	0.01	0.926290277459
3562	ip	1e8	32	0.01	0.872690939715
3562	wip	1e8	64	0.01	0.933188682576
3562	ip	1e8	64	0.01	0.923709889261
3562	wip	1e8	128	0.01	0.933238259116
3562	ip	1e8	128	0.01	0.915341099036
3562	wip	1e8	30	0.2	0.796524661037
3562	ip	1e8	30	0.2	0.869918318163
3562	wip	1e8	30	0.1	0.882985494568
3562	ip	1e8	30	0.1	0.905603913853
3562	wip	1e8	30	0.05	0.926945549752
3562	ip	1e8	30	0.05	0.916721908986
3562	wip	1e8	30	0.02	0.893227006713
3562	ip	1e8	30	0.02	0.913515219886
3562	wip	1e8	30	0.01	0.928710973065
3562	ip	1e8	30	0.01	0.868412588541
3562	wip	1e8	30	0.005	0.845446778423
3562	ip	1e8	30	0.005	0.857609852825
3562	wip	1e8	30	0.002	0.838247528974
3562	ip	1e8	30	0.002	0.650960321451
3562	wip	1e8	30	0.001	0.917621552825
3562	ip	1e8	30	0.001	0.618624086839
7051	wip	1e8	1	0.01	0.673982992324
7051	ip	1e8	1	0.01	0.644982072249
7051	wip	1e8	2	0.01	0.798986123786
7051	ip	1e8	2	0.01	0.784799934103
7051	wip	1e8	4	0.01	0.842026940685
7051	ip	1e8	4	0.01	0.802586227844
7051	wip	1e8	8	0.01	0.927642497717
7051	ip	1e8	8	0.01	0.887469809727
7051	wip	1e8	16	0.01	0.929533610971
7051	ip	1e8	16	0.01	0.906293056084
7051	wip	1e8	32	0.01	0.924750074481
7051	ip	1e8	32	0.01	0.891355489369
7051	wip	1e8	64	0.01	0.952814353109
7051	ip	1e8	64	0.01	0.946978350256
7051	wip	1e8	128	0.01	0.955582473781
7051	ip	1e8	128	0.01	0.953992503342
7051	wip	1e8	30	0.2	0.943467848698
7051	ip	1e8	30	0.2	0.949851658013
7051	wip	1e8	30	0.1	0.95112670062
7051	ip	1e8	30	0.1	0.933947897764
7051	wip	1e8	30	0.05	0.923078738719
7051	ip	1e8	30	0.05	0.921691587611
7051	wip	1e8	30	0.02	0.929792532567
7051	ip	1e8	30	0.02	0.930458489407
7051	wip	1e8	30	0.01	0.952005485783
7051	ip	1e8	30	0.01	0.95058876385
7051	wip	1e8	30	0.005	0.97299326258
7051	ip	1e8	30	0.005	0.93104895911
7051	wip	1e8	30	0.002	0.929124472102
7051	ip	1e8	30	0.002	0.836237411994
7051	wip	1e8	30	0.001	0.924939261649
7051	ip	1e8	30	0.001	0.778666110071
6731	wip	1e8	1	0.01	0.525691678593
6731	ip	1e8	1	0.01	0.55502402889
6731	wip	1e8	2	0.01	0.888660349347
6731	ip	1e8	2	0.01	0.856861698408
6731	wip	1e8	4	0.01	0.932305682525
6731	ip	1e8	4	0.01	0.904662386685
6731	wip	1e8	8	0.01	0.948931350598
6731	ip	1e8	8	0.01	0.945645679093
6731	wip	1e8	16	0.01	0.941559954222
6731	ip	1e8	16	0.01	0.949281712782
6731	wip	1e8	32	0.01	0.939949382289
6731	ip	1e8	32	0.01	0.952313611186
6731	wip	1e8	64	0.01	0.916276052343
6731	ip	1e8	64	0.01	0.869411812925
6731	wip	1e8	128	0.01	0.9465721583
6731	ip	1e8	128	0.01	0.972591332666
6731	wip	1e8	30	0.2	0.974877338669
6731	ip	1e8	30	0.2	0.968243640316
6731	wip	1e8	30	0.1	0.934951694695
6731	ip	1e8	30	0.1	0.967019157881
6731	wip	1e8	30	0.05	0.953067854827
6731	ip	1e8	30	0.05	0.965161024242
6731	wip	1e8	30	0.02	0.949684112313
6731	ip	1e8	30	0.02	0.961566511113
6731	wip	1e8	30	0.01	0.941787624848
6731	ip	1e8	30	0.01	0.956454417271
6731	wip	1e8	30	0.005	0.931997159547
6731	ip	1e8	30	0.005	0.933626264646
6731	wip	1e8	30	0.002	0.954882266168
6731	ip	1e8	30	0.002	0.818129888604
6731	wip	1e8	30	0.001	0.966082523486
6731	ip	1e8	30	0.001	0.864920713445
8585	wip	1e8	1	0.01	0.678393111525
8585	ip	1e8	1	0.01	0.655908320039
8585	wip	1e8	2	0.01	0.71272748827
8585	ip	1e8	2	0.01	0.645319746333
8585	wip	1e8	4	0.01	0.905730749833
8585	ip	1e8	4	0.01	0.799316525844
8585	wip	1e8	8	0.01	0.911496897155
8585	ip	1e8	8	0.01	0.813339707767
8585	wip	1e8	16	0.01	0.874474597012
8585	ip	1e8	16	0.01	0.78157121163
8585	wip	1e8	32	0.01	0.957939224168
8585	ip	1e8	32	0.01	0.91912558487
8585	wip	1e8	64	0.01	0.951211657315
8585	ip	1e8	64	0.01	0.925978215371
8585	wip	1e8	128	0.01	0.968962570028
8585	ip	1e8	128	0.01	0.978286144862
8585	wip	1e8	30	0.2	0.885396698999
8585	ip	1e8	30	0.2	0.947661926542
8585	wip	1e8	30	0.1	0.915099554982
8585	ip	1e8	30	0.1	0.941262092273
8585	wip	1e8	30	0.05	0.884449191405
8585	ip	1e8	30	0.05	0.913538253049
8585	wip	1e8	30	0.02	0.968720918569
8585	ip	1e8	30	0.02	0.948965341934
8585	wip	1e8	30	0.01	0.947036342575
8585	ip	1e8	30	0.01	0.883718980679
8585	wip	1e8	30	0.005	0.949925650293
8585	ip	1e8	30	0.005	0.87203000423
8585	wip	1e8	30	0.002	0.971762931134
8585	ip	1e8	30	0.002	0.759800621
8585	wip	1e8	30	0.001	0.882390729762
8585	ip	1e8	30	0.001	0.63624667575
1928	wip	1e8	1	0.01	0.649519128056
1928	ip	1e8	1	0.01	0.657710868764
1928	wip	1e8	2	0.01	0.842358964455
1928	ip	1e8	2	0.01	0.854326873821
1928	wip	1e8	4	0.01	0.825916818985
1928	ip	1e8	4	0.01	0.879578464575
1928	wip	1e8	8	0.01	0.86399405122
1928	ip	1e8	8	0.01	0.929690873628
1928	wip	1e8	16	0.01	0.867333212124
1928	ip	1e8	16	0.01	0.939451771661
1928	wip	1e8	32	0.01	0.888638973642
1928	ip	1e8	32	0.01	0.928701953618
1928	wip	1e8	64	0.01	0.899064660084
1928	ip	1e8	64	0.01	0.947018427542
1928	wip	1e8	128	0.01	0.89987757066
1928	ip	1e8	128	0.01	0.94831210033
1928	wip	1e8	30	0.2	0.972229401842
1928	ip	1e8	30	0.2	0.950540083985
1928	wip	1e8	30	0.1	0.913601950295
1928	ip	1e8	30	0.1	0.972839667922
1928	wip	1e8	30	0.05	0.94164392549
1928	ip	1e8	30	0.05	0.958851018815
1928	wip	1e8	30	0.02	0.930505816704
1928	ip	1e8	30	0.02	0.91338390017
1928	wip	1e8	30	0.01	0.879372685989
1928	ip	1e8	30	0.01	0.864092101632
1928	wip	1e8	30	0.005	0.944683319789
1928	ip	1e8	30	0.005	0.927135453056
1928	wip	1e8	30	0.002	0.768494160875
1928	ip	1e8	30	0.002	0.89873882588
1928	wip	1e8	30	0.001	0.807799029787
1928	ip	1e8	30	0.001	0.819997015849
6777	wip	1e8	1	0.01	0.806621159933
6777	ip	1e8	1	0.01	0.75551623743
6777	wip	1e8	2	0.01	0.70549510812
6777	ip	1e8	2	0.01	0.669519919218
6777	wip	1e8	4	0.01	0.855080571295
6777	ip	1e8	4	0.01	0.842730391583
6777	wip	1e8	8	0.01	0.890868935365
6777	ip	1e8	8	0.01	0.872758561988
6777	wip	1e8	16	0.01	0.903460603138
6777	ip	1e8	16	0.01	0.901836815516
6777	wip	1e8	32	0.01	0.899878409781
6777	ip	1e8	32	0.01	0.91688123363
6777	wip	1e8	64	0.01	0.89695882097
6777	ip	1e8	64	0.01	0.912783040551
6777	wip	1e8	128	0.01	0.903112982704
6777	ip	1e8	128	0.01	0.941857279845
6777	wip	1e8	30	0.2	0.916736980957
6777	ip	1e8	30	0.2	0.911995793743
6777	wip	1e8	30	0.1	0.938817595455
6777	ip	1e8	30	0.1	0.977904901918
6777	wip	1e8	30	0.05	0.809486859534
6777	ip	1e8	30	0.05	0.932695916799
6777	wip	1e8	30	0.02	0.897016457682
6777	ip	1e8	30	0.02	0.937864820601
6777	wip	1e8	30	0.01	0.889110355429
6777	ip	1e8	30	0.01	0.866154523302
6777	wip	1e8	30	0.005	0.863450555305
6777	ip	1e8	30	0.005	0.882629487513
6777	wip	1e8	30	0.002	0.902619310683
6777	ip	1e8	30	0.002	0.908438451859
6777	wip	1e8	30	0.001	0.963084169023
6777	ip	1e8	30	0.001	0.834202348506
4819	wip	1e8	1	0.01	0.793855078922
4819	ip	1e8	1	0.01	0.762335429615
4819	wip	1e8	2	0.01	0.80280933237
4819	ip	1e8	2	0.01	0.71167778716
4819	wip	1e8	4	0.01	0.862858143725
4819	ip	1e8	4	0.01	0.825157930608
4819	wip	1e8	8	0.01	0.816630515077
4819	ip	1e8	8	0.01	0.759121187116
4819	wip	1e8	16	0.01	0.94926012964
4819	ip	1e8	16	0.01	0.910505801996
4819	wip	1e8	32	0.01	0.917583508232
4819	ip	1e8	32	0.01	0.879433348524
4819	wip	1e8	64	0.01	0.953482075195
4819	ip	1e8	64	0.01	0.926283142395
4819	wip	1e8	128	0.01	0.94796077767
4819	ip	1e8	128	0.01	0.956326760692
4819	wip	1e8	30	0.2	0.89151403808
4819	ip	1e8	30	0.2	0.881363231093
4819	wip	1e8	30	0.1	0.902201484583
4819	ip	1e8	30	0.1	0.899947185506
4819	wip	1e8	30	0.05	0.946025649165
4819	ip	1e8	30	0.05	0.924912010037
4819	wip	1e8	30	0.02	0.900108194027
4819	ip	1e8	30	0.02	0.911455747815
4819	wip	1e8	30	0.01	0.942641716175
4819	ip	1e8	30	0.01	0.913437913709
4819	wip	1e8	30	0.005	0.892459815236
4819	ip	1e8	30	0.005	0.889996254184
4819	wip	1e8	30	0.002	0.943453775673
4819	ip	1e8	30	0.002	0.894697536667
4819	wip	1e8	30	0.001	0.87695457766
4819	ip	1e8	30	0.001	0.763479408484
6227	wip	1e8	1	0.01	0.761220320817
6227	ip	1e8	1	0.01	0.73078601522
6227	wip	1e8	2	0.01	0.682920553505
6227	ip	1e8	2	0.01	0.658859409052
6227	wip	1e8	4	0.01	0.851868953352
6227	ip	1e8	4	0.01	0.824426366995
6227	wip	1e8	8	0.01	0.869575709461
6227	ip	1e8	8	0.01	0.878672767624
6227	wip	1e8	16	0.01	0.860208042518
6227	ip	1e8	16	0.01	0.896332670203
6227	wip	1e8	32	0.01	0.867756967231
6227	ip	1e8	32	0.01	0.938952773931
6227	wip	1e8	64	0.01	0.864283051736
6227	ip	1e8	64	0.01	0.950160155026
6227	wip	1e8	128	0.01	0.866875398916
6227	ip	1e8	128	0.01	0.96818985608
6227	wip	1e8	30	0.2	0.867019603653
6227	ip	1e8	30	0.2	0.952557917997
6227	wip	1e8	30	0.1	0.863881591506
6227	ip	1e8	30	0.1	0.961248969057
6227	wip	1e8	30	0.05	0.867233193801
6227	ip	1e8	30	0.05	0.91659068145
6227	wip	1e8	30	0.02	0.880506170726
6227	ip	1e8	30	0.02	0.952018026845
6227	wip	1e8	30	0.01	0.861594168795
6227	ip	1e8	30	0.01	0.919607992408
6227	wip	1e8	30	0.005	0.866773129518
6227	ip	1e8	30	0.005	0.928464935074
6227	wip	1e8	30	0.002	0.872421507087
6227	ip	1e8	30	0.002	0.852086040825
6227	wip	1e8	30	0.001	0.866204137241
6227	ip	1e8	30	0.001	0.76456449893
8088	wip	1e8	1	0.01	0.757973400804
8088	ip	1e8	1	0.01	0.774456192583
8088	wip	1e8	2	0.01	0.841757523489
8088	ip	1e8	2	0.01	0.838133501075
8088	wip	1e8	4	0.01	0.89175007572
8088	ip	1e8	4	0.01	0.866810383737
8088	wip	1e8	8	0.01	0.935435515254
8088	ip	1e8	8	0.01	0.903488997128
8088	wip	1e8	16	0.01	0.964195433791
8088	ip	1e8	16	0.01	0.932686889428
8088	wip	1e8	32	0.01	0.957642984302
8088	ip	1e8	32	0.01	0.935780992718
8088	wip	1e8	64	0.01	0.981699996681
8088	ip	1e8	64	0.01	0.973542008769
8088	wip	1e8	128	0.01	0.98111487491
8088	ip	1e8	128	0.01	0.975582168786
8088	wip	1e8	30	0.2	0.983445683433
8088	ip	1e8	30	0.2	0.980159787289
8088	wip	1e8	30	0.1	0.974574033953
8088	ip	1e8	30	0.1	0.97490800165
8088	wip	1e8	30	0.05	0.934171712003
8088	ip	1e8	30	0.05	0.938200919844
8088	wip	1e8	30	0.02	0.964569110195
8088	ip	1e8	30	0.02	0.969852396828
8088	wip	1e8	30	0.01	0.968917297451
8088	ip	1e8	30	0.01	0.951238643655
8088	wip	1e8	30	0.005	0.965223168616
8088	ip	1e8	30	0.005	0.934132668611
8088	wip	1e8	30	0.002	0.931770478365
8088	ip	1e8	30	0.002	0.815663895406
8088	wip	1e8	30	0.001	0.945915141463
8088	ip	1e8	30	0.001	0.777506276909
3544	wip	1e8	1	0.01	0.793828500819
3544	ip	1e8	1	0.01	0.780677554131
3544	wip	1e8	2	0.01	0.878657122703
3544	ip	1e8	2	0.01	0.852012818905
3544	wip	1e8	4	0.01	0.82390162114
3544	ip	1e8	4	0.01	0.763295884252
3544	wip	1e8	8	0.01	0.868411772071
3544	ip	1e8	8	0.01	0.851692680789
3544	wip	1e8	16	0.01	0.892359594134
3544	ip	1e8	16	0.01	0.873183678394
3544	wip	1e8	32	0.01	0.893191898752
3544	ip	1e8	32	0.01	0.891489164677
3544	wip	1e8	64	0.01	0.903389534278
3544	ip	1e8	64	0.01	0.927235771567
3544	wip	1e8	128	0.01	0.895239195338
3544	ip	1e8	128	0.01	0.91669118632
3544	wip	1e8	30	0.2	0.884287163429
3544	ip	1e8	30	0.2	0.900405765661
3544	wip	1e8	30	0.1	0.906777326848
3544	ip	1e8	30	0.1	0.875040365665
3544	wip	1e8	30	0.05	0.896862951372
3544	ip	1e8	30	0.05	0.948899971252
3544	wip	1e8	30	0.02	0.921149639947
3544	ip	1e8	30	0.02	0.909202425769
3544	wip	1e8	30	0.01	0.896764356744
3544	ip	1e8	30	0.01	0.892066211957
3544	wip	1e8	30	0.005	0.924240468377
3544	ip	1e8	30	0.005	0.861726321591
3544	wip	1e8	30	0.002	0.92781037891
3544	ip	1e8	30	0.002	0.821600830382
3544	wip	1e8	30	0.001	0.915879122879
3544	ip	1e8	30	0.001	0.754132109651
2841	wip	1e8	1	0.01	0.797506282372
2841	ip	1e8	1	0.01	0.774332817467
2841	wip	1e8	2	0.01	0.70284415627
2841	ip	1e8	2	0.01	0.691704382134
2841	wip	1e8	4	0.01	0.861258060465
2841	ip	1e8	4	0.01	0.823525311196
2841	wip	1e8	8	0.01	0.898587544941
2841	ip	1e8	8	0.01	0.875367703716
2841	wip	1e8	16	0.01	0.908901028887
2841	ip	1e8	16	0.01	0.880689831548
2841	wip	1e8	32	0.01	0.870102166539
2841	ip	1e8	32	0.01	0.883166397021
2841	wip	1e8	64	0.01	0.877939657644
2841	ip	1e8	64	0.01	0.918918007728
2841	wip	1e8	128	0.01	0.88082171278
2841	ip	1e8	128	0.01	0.961416968438
2841	wip	1e8	30	0.2	0.884601599453
2841	ip	1e8	30	0.2	0.936870546266
2841	wip	1e8	30	0.1	0.923587754194
2841	ip	1e8	30	0.1	0.966454897108
2841	wip	1e8	30	0.05	0.840845108463
2841	ip	1e8	30	0.05	0.9215433533
2841	wip	1e8	30	0.02	0.933830947636
2841	ip	1e8	30	0.02	0.938505338895
2841	wip	1e8	30	0.01	0.887688873564
2841	ip	1e8	30	0.01	0.901720927132
2841	wip	1e8	30	0.005	0.939698417522
2841	ip	1e8	30	0.005	0.914442052698
2841	wip	1e8	30	0.002	0.875235473016
2841	ip	1e8	30	0.002	0.807885849448
2841	wip	1e8	30	0.001	0.91852031261
2841	ip	1e8	30	0.001	0.814910065747
7610	wip	1e8	1	0.01	0.790523386855
7610	ip	1e8	1	0.01	0.793360703841
7610	wip	1e8	2	0.01	0.792917475856
7610	ip	1e8	2	0.01	0.874426641137
7610	wip	1e8	4	0.01	0.760794877389
7610	ip	1e8	4	0.01	0.863048525243
7610	wip	1e8	8	0.01	0.838545900734
7610	ip	1e8	8	0.01	0.925682065048
7610	wip	1e8	16	0.01	0.811721846343
7610	ip	1e8	16	0.01	0.922325444264
7610	wip	1e8	32	0.01	0.783598719923
7610	ip	1e8	32	0.01	0.822276741331
7610	wip	1e8	64	0.01	0.809219857186
7610	ip	1e8	64	0.01	0.933368463119
7610	wip	1e8	128	0.01	0.814672362847
7610	ip	1e8	128	0.01	0.954588784427
7610	wip	1e8	30	0.2	0.868353727601
7610	ip	1e8	30	0.2	0.960739823327
7610	wip	1e8	30	0.1	0.944720762746
7610	ip	1e8	30	0.1	0.964358540854
7610	wip	1e8	30	0.05	0.970925126018
7610	ip	1e8	30	0.05	0.948219945146
7610	wip	1e8	30	0.02	0.728352513767
7610	ip	1e8	30	0.02	0.921436427523
7610	wip	1e8	30	0.01	0.824535108422
7610	ip	1e8	30	0.01	0.945107525193
7610	wip	1e8	30	0.005	0.792135687096
7610	ip	1e8	30	0.005	0.927495701394
7610	wip	1e8	30	0.002	0.767811819347
7610	ip	1e8	30	0.002	0.883390984386
7610	wip	1e8	30	0.001	0.64694823397
7610	ip	1e8	30	0.001	0.813261431327
6461	wip	1e8	1	0.01	0.705876876814
6461	ip	1e8	1	0.01	0.701388527013
6461	wip	1e8	2	0.01	0.792664562341
6461	ip	1e8	2	0.01	0.771365609126
6461	wip	1e8	4	0.01	0.80908399228
6461	ip	1e8	4	0.01	0.804281981125
6461	wip	1e8	8	0.01	0.797060684347
6461	ip	1e8	8	0.01	0.821150681201
6461	wip	1e8	16	0.01	0.812659254576
6461	ip	1e8	16	0.01	0.868091983227
6461	wip	1e8	32	0.01	0.810075112549
6461	ip	1e8	32	0.01	0.86528251304
6461	wip	1e8	64	0.01	0.82543718044
6461	ip	1e8	64	0.01	0.889637119823
6461	wip	1e8	128	0.01	0.8190731366
6461	ip	1e8	128	0.01	0.900511517103
6461	wip	1e8	30	0.2	0.924117212792
6461	ip	1e8	30	0.2	0.864154484104
6461	wip	1e8	30	0.1	0.814133699669
6461	ip	1e8	30	0.1	0.876414416721
6461	wip	1e8	30	0.05	0.911239749461
6461	ip	1e8	30	0.05	0.895352263907
6461	wip	1e8	30	0.02	0.775594957234
6461	ip	1e8	30	0.02	0.863271639511
6461	wip	1e8	30	0.01	0.812604992939
6461	ip	1e8	30	0.01	0.848455624711
6461	wip	1e8	30	0.005	0.749509479878
6461	ip	1e8	30	0.005	0.823345269578
6461	wip	1e8	30	0.002	0.776654651896
6461	ip	1e8	30	0.002	0.834364165104
6461	wip	1e8	30	0.001	0.855847572271
6461	ip	1e8	30	0.001	0.816780492985
7837	wip	1e8	1	0.01	0.715735087789
7837	ip	1e8	1	0.01	0.631200348926
7837	wip	1e8	2	0.01	0.721760261556
7837	ip	1e8	2	0.01	0.603937585994
7837	wip	1e8	4	0.01	0.896374631031
7837	ip	1e8	4	0.01	0.820240328056
7837	wip	1e8	8	0.01	0.90777311706
7837	ip	1e8	8	0.01	0.852053402274
7837	wip	1e8	16	0.01	0.902881275155
7837	ip	1e8	16	0.01	0.86596655538
7837	wip	1e8	32	0.01	0.924592392626
7837	ip	1e8	32	0.01	0.908658369726
7837	wip	1e8	64	0.01	0.924761965715
7837	ip	1e8	64	0.01	0.929273056177
7837	wip	1e8	128	0.01	0.908491704989
7837	ip	1e8	128	0.01	0.90501718357
7837	wip	1e8	30	0.2	0.916259088868
7837	ip	1e8	30	0.2	0.951651619381
7837	wip	1e8	30	0.1	0.93073962249
7837	ip	1e8	30	0.1	0.884484853892
7837	wip	1e8	30	0.05	0.759897555039
7837	ip	1e8	30	0.05	0.903416477936
7837	wip	1e8	30	0.02	0.849712526389
7837	ip	1e8	30	0.02	0.882034969589
7837	wip	1e8	30	0.01	0.911188614735
7837	ip	1e8	30	0.01	0.878403805551
7837	wip	1e8	30	0.005	0.936915640483
7837	ip	1e8	30	0.005	0.792548041046
7837	wip	1e8	30	0.002	0.76108245318
7837	ip	1e8	30	0.002	0.676828246406
7837	wip	1e8	30	0.001	0.881360674807
7837	ip	1e8	30	0.001	0.66814797427
2656	mash	NA	1	0.01	0.749610942988
2656	mash	NA	2	0.01	0.782582761125
2656	mash	NA	4	0.01	0.883366680532
2656	mash	NA	8	0.01	0.821035108859
2656	mash	NA	16	0.01	0.458012994407
2656	mash	NA	32	0.01	0.647630524243
2656	mash	NA	64	0.01	0.63028155286
2656	mash	NA	128	0.01	0.610967512959
2656	mash	NA	30	0.2	0.893735286274
2656	mash	NA	30	0.1	0.911464233789
2656	mash	NA	30	0.05	0.893704441086
2656	mash	NA	30	0.02	0.751400399235
2656	mash	NA	30	0.01	0.646878899164
2656	mash	NA	30	0.005	0.427321569727
2656	mash	NA	30	0.002	0.327653669092
2656	mash	NA	30	0.001	0.0661651077314
7460	mash	NA	1	0.01	0.679106402134
7460	mash	NA	2	0.01	0.873150275814
7460	mash	NA	4	0.01	0.790123112196
7460	mash	NA	8	0.01	0.893157700164
7460	mash	NA	16	0.01	0.61139306899
7460	mash	NA	32	0.01	0.618679226766
7460	mash	NA	64	0.01	0.697640941748
7460	mash	NA	128	0.01	0.500385014015
7460	mash	NA	30	0.2	0.952296202505
7460	mash	NA	30	0.1	0.942365445775
7460	mash	NA	30	0.05	0.886529123477
7460	mash	NA	30	0.02	0.861775008955
7460	mash	NA	30	0.01	0.623697154607
7460	mash	NA	30	0.005	0.307245160449
7460	mash	NA	30	0.002	0.330341805452
7460	mash	NA	30	0.001	0.0541855171619
1285	mash	NA	1	0.01	0.775434937727
1285	mash	NA	2	0.01	0.772192185998
1285	mash	NA	4	0.01	0.813743147357
1285	mash	NA	8	0.01	0.818298005348
1285	mash	NA	16	0.01	0.389297321854
1285	mash	NA	32	0.01	0.565111299202
1285	mash	NA	64	0.01	0.648562173148
1285	mash	NA	128	0.01	0.634347905407
1285	mash	NA	30	0.2	0.887665239318
1285	mash	NA	30	0.1	0.854282315105
1285	mash	NA	30	0.05	0.84510510563
1285	mash	NA	30	0.02	0.772758329942
1285	mash	NA	30	0.01	0.590973903223
1285	mash	NA	30	0.005	0.367352351969
1285	mash	NA	30	0.002	0.188595816872
1285	mash	NA	30	0.001	0.0403708489325
9671	mash	NA	1	0.01	0.739938530257
9671	mash	NA	2	0.01	0.76804463656
9671	mash	NA	4	0.01	0.890335552499
9671	mash	NA	8	0.01	0.834835471529
9671	mash	NA	16	0.01	0.327056357945
9671	mash	NA	32	0.01	0.488128700826
9671	mash	NA	64	0.01	0.578189992439
9671	mash	NA	128	0.01	0.602825940297
9671	mash	NA	30	0.2	0.929281499583
9671	mash	NA	30	0.1	0.921791013217
9671	mash	NA	30	0.05	0.88869200156
9671	mash	NA	30	0.02	0.845853944791
9671	mash	NA	30	0.01	0.484118327443
9671	mash	NA	30	0.005	0.37951911157
9671	mash	NA	30	0.002	0.270694357089
9671	mash	NA	30	0.001	0.0319375880621
3176	mash	NA	1	0.01	0.78387312073
3176	mash	NA	2	0.01	0.839536364542
3176	mash	NA	4	0.01	0.887164764941
3176	mash	NA	8	0.01	0.834470860873
3176	mash	NA	16	0.01	0.673526506174
3176	mash	NA	32	0.01	0.730787249069
3176	mash	NA	64	0.01	0.649358862692
3176	mash	NA	128	0.01	0.711972440737
3176	mash	NA	30	0.2	0.957356557316
3176	mash	NA	30	0.1	0.928808177148
3176	mash	NA	30	0.05	0.874096978293
3176	mash	NA	30	0.02	0.827344551032
3176	mash	NA	30	0.01	0.72264249986
3176	mash	NA	30	0.005	0.369714784799
3176	mash	NA	30	0.002	0.275146865479
3176	mash	NA	30	0.001	-0.119426952182
1031	mash	NA	1	0.01	0.653044234749
1031	mash	NA	2	0.01	0.659241490843
1031	mash	NA	4	0.01	0.915031582588
1031	mash	NA	8	0.01	0.891170714083
1031	mash	NA	16	0.01	0.494647270555
1031	mash	NA	32	0.01	0.704172492117
1031	mash	NA	64	0.01	0.670084485461
1031	mash	NA	128	0.01	0.602891414661
1031	mash	NA	30	0.2	0.942249265173
1031	mash	NA	30	0.1	0.943659023833
1031	mash	NA	30	0.05	0.934189222761
1031	mash	NA	30	0.02	0.854709143458
1031	mash	NA	30	0.01	0.526591952616
1031	mash	NA	30	0.005	0.473440019075
1031	mash	NA	30	0.002	0.127127116243
1031	mash	NA	30	0.001	0.071763984376
3562	mash	NA	1	0.01	0.619198745153
3562	mash	NA	2	0.01	0.589738308179
3562	mash	NA	4	0.01	0.671443509704
3562	mash	NA	8	0.01	0.718823238059
3562	mash	NA	16	0.01	0.244795196056
3562	mash	NA	32	0.01	0.35054268988
3562	mash	NA	64	0.01	0.560550579611
3562	mash	NA	128	0.01	0.494583330119
3562	mash	NA	30	0.2	0.800834746092
3562	mash	NA	30	0.1	0.851507638409
3562	mash	NA	30	0.05	0.815429093738
3562	mash	NA	30	0.02	0.670394407025
3562	mash	NA	30	0.01	0.426507248709
3562	mash	NA	30	0.005	0.325694112894
3562	mash	NA	30	0.002	0.0709599408527
3562	mash	NA	30	0.001	0.022888605166
7051	mash	NA	1	0.01	0.608551427554
7051	mash	NA	2	0.01	0.772884446567
7051	mash	NA	4	0.01	0.887856203361
7051	mash	NA	8	0.01	0.809222026649
7051	mash	NA	16	0.01	0.59910741924
7051	mash	NA	32	0.01	0.588417496344
7051	mash	NA	64	0.01	0.619777732194
7051	mash	NA	128	0.01	0.677696726605
7051	mash	NA	30	0.2	0.931163902996
7051	mash	NA	30	0.1	0.877428861646
7051	mash	NA	30	0.05	0.825019733669
7051	mash	NA	30	0.02	0.756220606418
7051	mash	NA	30	0.01	0.745726095157
7051	mash	NA	30	0.005	0.548669152057
7051	mash	NA	30	0.002	0.282352274297
7051	mash	NA	30	0.001	0.221049709794
6731	mash	NA	1	0.01	0.472735149406
6731	mash	NA	2	0.01	0.812881956833
6731	mash	NA	4	0.01	0.868557182195
6731	mash	NA	8	0.01	0.817532592165
6731	mash	NA	16	0.01	0.381019470985
6731	mash	NA	32	0.01	0.376443280064
6731	mash	NA	64	0.01	0.571377211823
6731	mash	NA	128	0.01	0.519113326199
6731	mash	NA	30	0.2	0.950992006015
6731	mash	NA	30	0.1	0.936389787135
6731	mash	NA	30	0.05	0.892074708015
6731	mash	NA	30	0.02	0.607584697358
6731	mash	NA	30	0.01	0.519779959342
6731	mash	NA	30	0.005	0.396729833957
6731	mash	NA	30	0.002	-0.033388386961
6731	mash	NA	30	0.001	0.147196893087
8585	mash	NA	1	0.01	0.635705897241
8585	mash	NA	2	0.01	0.63559844333
8585	mash	NA	4	0.01	0.731920000735
8585	mash	NA	8	0.01	0.657634954075
8585	mash	NA	16	0.01	0.511462959124
8585	mash	NA	32	0.01	0.496302271796
8585	mash	NA	64	0.01	0.472590277473
8585	mash	NA	128	0.01	0.587737477939
8585	mash	NA	30	0.2	0.808504884039
8585	mash	NA	30	0.1	0.812630913591
8585	mash	NA	30	0.05	0.804837334021
8585	mash	NA	30	0.02	0.732439097138
8585	mash	NA	30	0.01	0.47232803169
8585	mash	NA	30	0.005	0.359359156787
8585	mash	NA	30	0.002	0.163155694623
8585	mash	NA	30	0.001	0.0703317788733
1928	mash	NA	1	0.01	0.643358817572
1928	mash	NA	2	0.01	0.822189524232
1928	mash	NA	4	0.01	0.89870809082
1928	mash	NA	8	0.01	0.816926835897
1928	mash	NA	16	0.01	0.421048590222
1928	mash	NA	32	0.01	0.471979695311
1928	mash	NA	64	0.01	0.564675893165
1928	mash	NA	128	0.01	0.570352765175
1928	mash	NA	30	0.2	0.921680000649
1928	mash	NA	30	0.1	0.922844067745
1928	mash	NA	30	0.05	0.923590135566
1928	mash	NA	30	0.02	0.742215901868
1928	mash	NA	30	0.01	0.481524108324
1928	mash	NA	30	0.005	0.299905524211
1928	mash	NA	30	0.002	0.124565633735
1928	mash	NA	30	0.001	0.055514728692
6777	mash	NA	1	0.01	0.701496264263
6777	mash	NA	2	0.01	0.647766047717
6777	mash	NA	4	0.01	0.861818075218
6777	mash	NA	8	0.01	0.846086586881
6777	mash	NA	16	0.01	0.560617525286
6777	mash	NA	32	0.01	0.638376769768
6777	mash	NA	64	0.01	0.683771916095
6777	mash	NA	128	0.01	0.733791725531
6777	mash	NA	30	0.2	0.898450587873
6777	mash	NA	30	0.1	0.937741377985
6777	mash	NA	30	0.05	0.865196601569
6777	mash	NA	30	0.02	0.843355829214
6777	mash	NA	30	0.01	0.502171892302
6777	mash	NA	30	0.005	0.332415057961
6777	mash	NA	30	0.002	0.239532917651
6777	mash	NA	30	0.001	0.0732410390139
4819	mash	NA	1	0.01	0.699585753164
4819	mash	NA	2	0.01	0.678214827329
4819	mash	NA	4	0.01	0.822205086821
4819	mash	NA	8	0.01	0.746893874973
4819	mash	NA	16	0.01	0.508441673976
4819	mash	NA	32	0.01	0.6911746025
4819	mash	NA	64	0.01	0.58066730644
4819	mash	NA	128	0.01	0.66292236178
4819	mash	NA	30	0.2	0.897271029872
4819	mash	NA	30	0.1	0.849613962786
4819	mash	NA	30	0.05	0.862056748815
4819	mash	NA	30	0.02	0.688590517261
4819	mash	NA	30	0.01	0.705299436387
4819	mash	NA	30	0.005	0.507555101238
4819	mash	NA	30	0.002	0.125878324715
4819	mash	NA	30	0.001	0.0648751530113
6227	mash	NA	1	0.01	0.643249213305
6227	mash	NA	2	0.01	0.608405523868
6227	mash	NA	4	0.01	0.809503656846
6227	mash	NA	8	0.01	0.840782506843
6227	mash	NA	16	0.01	0.451863484671
6227	mash	NA	32	0.01	0.629716883999
6227	mash	NA	64	0.01	0.632175431684
6227	mash	NA	128	0.01	0.587057644116
6227	mash	NA	30	0.2	0.938372440978
6227	mash	NA	30	0.1	0.898712064247
6227	mash	NA	30	0.05	0.895243606442
6227	mash	NA	30	0.02	0.835148969227
6227	mash	NA	30	0.01	0.509977883738
6227	mash	NA	30	0.005	0.27136490416
6227	mash	NA	30	0.002	0.0999569312707
6227	mash	NA	30	0.001	-0.084920677372
8088	mash	NA	1	0.01	0.736586057089
8088	mash	NA	2	0.01	0.818658287985
8088	mash	NA	4	0.01	0.913713847147
8088	mash	NA	8	0.01	0.837503504138
8088	mash	NA	16	0.01	0.653897436692
8088	mash	NA	32	0.01	0.660551772773
8088	mash	NA	64	0.01	0.740737228038
8088	mash	NA	128	0.01	0.66894621796
8088	mash	NA	30	0.2	0.932246330534
8088	mash	NA	30	0.1	0.920461014232
8088	mash	NA	30	0.05	0.860312884264
8088	mash	NA	30	0.02	0.832500128789
8088	mash	NA	30	0.01	0.739108467132
8088	mash	NA	30	0.005	0.574084727265
8088	mash	NA	30	0.002	0.321481423219
8088	mash	NA	30	0.001	0.0229321005539
3544	mash	NA	1	0.01	0.700889407706
3544	mash	NA	2	0.01	0.812321878667
3544	mash	NA	4	0.01	0.720746811745
3544	mash	NA	8	0.01	0.784578955302
3544	mash	NA	16	0.01	0.544847017386
3544	mash	NA	32	0.01	0.623324804507
3544	mash	NA	64	0.01	0.718658040789
3544	mash	NA	128	0.01	0.659230453785
3544	mash	NA	30	0.2	0.839823768301
3544	mash	NA	30	0.1	0.89164868405
3544	mash	NA	30	0.05	0.86556854836
3544	mash	NA	30	0.02	0.771835268743
3544	mash	NA	30	0.01	0.739089216489
3544	mash	NA	30	0.005	0.266149249458
3544	mash	NA	30	0.002	0.0323060945462
3544	mash	NA	30	0.001	0.123949582468
2841	mash	NA	1	0.01	0.712313351583
2841	mash	NA	2	0.01	0.662980486446
2841	mash	NA	4	0.01	0.802253304738
2841	mash	NA	8	0.01	0.837698438552
2841	mash	NA	16	0.01	0.520953662408
2841	mash	NA	32	0.01	0.534877078111
2841	mash	NA	64	0.01	0.53661242502
2841	mash	NA	128	0.01	0.484703394959
2841	mash	NA	30	0.2	0.879287781889
2841	mash	NA	30	0.1	0.840949719771
2841	mash	NA	30	0.05	0.840123017771
2841	mash	NA	30	0.02	0.774732926913
2841	mash	NA	30	0.01	0.46588510382
2841	mash	NA	30	0.005	0.283960315423
2841	mash	NA	30	0.002	0.106460965301
2841	mash	NA	30	0.001	0.0361540568632
7610	mash	NA	1	0.01	0.734135438458
7610	mash	NA	2	0.01	0.852814744018
7610	mash	NA	4	0.01	0.862939131318
7610	mash	NA	8	0.01	0.85137137853
7610	mash	NA	16	0.01	0.472917413659
7610	mash	NA	32	0.01	0.481129950579
7610	mash	NA	64	0.01	0.677625885858
7610	mash	NA	128	0.01	0.574832072062
7610	mash	NA	30	0.2	0.885280778816
7610	mash	NA	30	0.1	0.896091037607
7610	mash	NA	30	0.05	0.900788317783
7610	mash	NA	30	0.02	0.878606275389
7610	mash	NA	30	0.01	0.669868520234
7610	mash	NA	30	0.005	0.450903257146
7610	mash	NA	30	0.002	0.253468521325
7610	mash	NA	30	0.001	0.0200072030293
6461	mash	NA	1	0.01	0.660263741637
6461	mash	NA	2	0.01	0.746980780383
6461	mash	NA	4	0.01	0.792700683007
6461	mash	NA	8	0.01	0.815700095757
6461	mash	NA	16	0.01	0.608425359749
6461	mash	NA	32	0.01	0.703921604248
6461	mash	NA	64	0.01	0.676321616315
6461	mash	NA	128	0.01	0.618045853954
6461	mash	NA	30	0.2	0.889088847367
6461	mash	NA	30	0.1	0.851296262583
6461	mash	NA	30	0.05	0.837376366337
6461	mash	NA	30	0.02	0.790757416085
6461	mash	NA	30	0.01	0.617362545792
6461	mash	NA	30	0.005	0.406456948591
6461	mash	NA	30	0.002	0.183393734158
6461	mash	NA	30	0.001	0.155798065983
7837	mash	NA	1	0.01	0.54935871346
7837	mash	NA	2	0.01	0.535364184627
7837	mash	NA	4	0.01	0.837695178283
7837	mash	NA	8	0.01	0.786659903637
7837	mash	NA	16	0.01	0.395479046178
7837	mash	NA	32	0.01	0.568831081934
7837	mash	NA	64	0.01	0.590558993831
7837	mash	NA	128	0.01	0.436678769156
7837	mash	NA	30	0.2	0.91103439654
7837	mash	NA	30	0.1	0.870441738648
7837	mash	NA	30	0.05	0.834315438006
7837	mash	NA	30	0.02	0.66225484423
7837	mash	NA	30	0.01	0.449242567819
7837	mash	NA	30	0.005	0.2859959783
7837	mash	NA	30	0.002	0.0811420638977
7837	mash	NA	30	0.001	0.0823869253992
