7460	wip	1e7	1	0.002	0.396156852633
7460	ip	1e7	1	0.002	0.362130573011
7460	wip	1e7	2	0.002	0.49633025241
7460	ip	1e7	2	0.002	0.399354294275
7460	wip	1e7	4	0.002	0.861503154036
7460	ip	1e7	4	0.002	0.616146858762
7460	wip	1e7	8	0.002	0.906228236675
7460	ip	1e7	8	0.002	0.643255523253
7460	wip	1e7	16	0.002	0.957253455324
7460	ip	1e7	16	0.002	0.876125789377
7460	wip	1e7	32	0.002	0.96241239083
7460	ip	1e7	32	0.002	0.828027941242
7460	wip	1e7	64	0.002	0.977244578221
7460	ip	1e7	64	0.002	0.94188969147
7460	wip	1e7	128	0.002	0.986313571271
7460	ip	1e7	128	0.002	0.956679306653
7460	wip	1e7	8	0.2	0.924239991107
7460	ip	1e7	8	0.2	0.94183189194
7460	wip	1e7	8	0.1	0.962418246006
7460	ip	1e7	8	0.1	0.949632450951
7460	wip	1e7	8	0.05	0.963560756018
7460	ip	1e7	8	0.05	0.961360993863
7460	wip	1e7	8	0.02	0.94764357387
7460	ip	1e7	8	0.02	0.93267459407
7460	wip	1e7	8	0.005	0.914713044883
7460	ip	1e7	8	0.005	0.855607272303
7460	wip	1e7	8	0.002	0.906228236675
7460	ip	1e7	8	0.002	0.643255523253
7460	wip	1e7	8	0.001	0.774603953592
7460	ip	1e7	8	0.001	0.533011589167
7460	wip	1e7	1	0.005	0.60003266557
7460	ip	1e7	1	0.005	0.576053833027
7460	wip	1e7	2	0.005	0.684338772042
7460	ip	1e7	2	0.005	0.649887140405
7460	wip	1e7	4	0.005	0.91379556826
7460	ip	1e7	4	0.005	0.845106623557
7460	wip	1e7	8	0.005	0.914713044883
7460	ip	1e7	8	0.005	0.855607272303
7460	wip	1e7	16	0.005	0.954745022137
7460	ip	1e7	16	0.005	0.914588555065
7460	wip	1e7	32	0.005	0.949213669437
7460	ip	1e7	32	0.005	0.881616429212
7460	wip	1e7	64	0.005	0.946376366815
7460	ip	1e7	64	0.005	0.946921023314
7460	wip	1e7	128	0.005	0.963870114283
7460	ip	1e7	128	0.005	0.960131902009
7460	wip	1e7	1	0.01	0.896941998184
7460	ip	1e7	1	0.01	0.888136178119
7460	wip	1e7	2	0.01	0.873134757893
7460	ip	1e7	2	0.01	0.821120435517
7460	wip	1e7	4	0.01	0.897934568593
7460	ip	1e7	4	0.01	0.854481957236
7460	wip	1e7	8	0.01	0.932102215791
7460	ip	1e7	8	0.01	0.931726677688
7460	wip	1e7	16	0.01	0.926480458479
7460	ip	1e7	16	0.01	0.919994728534
7460	wip	1e7	32	0.01	0.945403364925
7460	ip	1e7	32	0.01	0.967884833131
7460	wip	1e7	64	0.01	0.939901370757
7460	ip	1e7	64	0.01	0.970037717925
7460	wip	1e7	128	0.01	0.930341298768
7460	ip	1e7	128	0.01	0.976337637784
7460	wip	1e7	32	0.2	0.955227923187
7460	ip	1e7	32	0.2	0.957864434676
7460	wip	1e7	32	0.1	0.966571880168
7460	ip	1e7	32	0.1	0.953150589815
7460	wip	1e7	32	0.05	0.959080032284
7460	ip	1e7	32	0.05	0.960715722728
7460	wip	1e7	32	0.02	0.974409312267
7460	ip	1e7	32	0.02	0.968082174526
7460	wip	1e7	32	0.005	0.949213669437
7460	ip	1e7	32	0.005	0.881616429212
7460	wip	1e7	32	0.002	0.96241239083
7460	ip	1e7	32	0.002	0.828027941242
7460	wip	1e7	32	0.001	0.951594343156
7460	ip	1e7	32	0.001	0.806946230735
1285	wip	1e7	1	0.002	0.342204372052
1285	ip	1e7	1	0.002	0.206852476445
1285	wip	1e7	2	0.002	0.554658303366
1285	ip	1e7	2	0.002	0.356056259503
1285	wip	1e7	4	0.002	0.8093524546
1285	ip	1e7	4	0.002	0.528263038635
1285	wip	1e7	8	0.002	0.80977553714
1285	ip	1e7	8	0.002	0.530823336328
1285	wip	1e7	16	0.002	0.962592886047
1285	ip	1e7	16	0.002	0.867512345435
1285	wip	1e7	32	0.002	0.955220344285
1285	ip	1e7	32	0.002	0.830661248049
1285	wip	1e7	64	0.002	0.96508157021
1285	ip	1e7	64	0.002	0.889472539296
1285	wip	1e7	128	0.002	0.968049728443
1285	ip	1e7	128	0.002	0.902926140882
1285	wip	1e7	8	0.2	0.843246949188
1285	ip	1e7	8	0.2	0.885034250322
1285	wip	1e7	8	0.1	0.820280514874
1285	ip	1e7	8	0.1	0.84968201497
1285	wip	1e7	8	0.05	0.829694489993
1285	ip	1e7	8	0.05	0.850142213891
1285	wip	1e7	8	0.02	0.935542108369
1285	ip	1e7	8	0.02	0.854071888881
1285	wip	1e7	8	0.005	0.915013110716
1285	ip	1e7	8	0.005	0.864888509801
1285	wip	1e7	8	0.002	0.80977553714
1285	ip	1e7	8	0.002	0.530823336328
1285	wip	1e7	8	0.001	0.761518245422
1285	ip	1e7	8	0.001	0.377884754168
1285	wip	1e7	1	0.005	0.719988841679
1285	ip	1e7	1	0.005	0.587027485661
1285	wip	1e7	2	0.005	0.75636558157
1285	ip	1e7	2	0.005	0.603557496689
1285	wip	1e7	4	0.005	0.831215879947
1285	ip	1e7	4	0.005	0.71555233199
1285	wip	1e7	8	0.005	0.915013110716
1285	ip	1e7	8	0.005	0.864888509801
1285	wip	1e7	16	0.005	0.912752141937
1285	ip	1e7	16	0.005	0.849934696115
1285	wip	1e7	32	0.005	0.916729114835
1285	ip	1e7	32	0.005	0.885168447589
1285	wip	1e7	64	0.005	0.932664604624
1285	ip	1e7	64	0.005	0.919035992298
1285	wip	1e7	128	0.005	0.912855503377
1285	ip	1e7	128	0.005	0.902044971857
1285	wip	1e7	1	0.01	0.783927259401
1285	ip	1e7	1	0.01	0.782174364956
1285	wip	1e7	2	0.01	0.790717888125
1285	ip	1e7	2	0.01	0.744400372111
1285	wip	1e7	4	0.01	0.84211996422
1285	ip	1e7	4	0.01	0.793142861452
1285	wip	1e7	8	0.01	0.876920939846
1285	ip	1e7	8	0.01	0.84456572132
1285	wip	1e7	16	0.01	0.886778409778
1285	ip	1e7	16	0.01	0.88617724988
1285	wip	1e7	32	0.01	0.892730809793
1285	ip	1e7	32	0.01	0.938193819214
1285	wip	1e7	64	0.01	0.87211556265
1285	ip	1e7	64	0.01	0.805986403714
1285	wip	1e7	128	0.01	0.901130607785
1285	ip	1e7	128	0.01	0.942744787014
1285	wip	1e7	32	0.2	0.817497433941
1285	ip	1e7	32	0.2	0.814093008716
1285	wip	1e7	32	0.1	0.814688442747
1285	ip	1e7	32	0.1	0.827730673928
1285	wip	1e7	32	0.05	0.825186255278
1285	ip	1e7	32	0.05	0.900694313938
1285	wip	1e7	32	0.02	0.950254898401
1285	ip	1e7	32	0.02	0.868181183521
1285	wip	1e7	32	0.005	0.916729114835
1285	ip	1e7	32	0.005	0.885168447589
1285	wip	1e7	32	0.002	0.955220344285
1285	ip	1e7	32	0.002	0.830661248049
1285	wip	1e7	32	0.001	0.786055492492
1285	ip	1e7	32	0.001	0.794976336072
9671	wip	1e7	1	0.002	0.363180096892
9671	ip	1e7	1	0.002	0.335172871968
9671	wip	1e7	2	0.002	0.522713783441
9671	ip	1e7	2	0.002	0.317262397932
9671	wip	1e7	4	0.002	0.889320356916
9671	ip	1e7	4	0.002	0.664542325633
9671	wip	1e7	8	0.002	0.914231393843
9671	ip	1e7	8	0.002	0.636310119001
9671	wip	1e7	16	0.002	0.918119683049
9671	ip	1e7	16	0.002	0.764777349324
9671	wip	1e7	32	0.002	0.935882440529
9671	ip	1e7	32	0.002	0.873293469062
9671	wip	1e7	64	0.002	0.904233584399
9671	ip	1e7	64	0.002	0.935796639619
9671	wip	1e7	128	0.002	0.908986044258
9671	ip	1e7	128	0.002	0.930428703847
9671	wip	1e7	8	0.2	0.958890772198
9671	ip	1e7	8	0.2	0.948126293589
9671	wip	1e7	8	0.1	0.933587346431
9671	ip	1e7	8	0.1	0.928364018749
9671	wip	1e7	8	0.05	0.93130151744
9671	ip	1e7	8	0.05	0.93101119627
9671	wip	1e7	8	0.02	0.932599119757
9671	ip	1e7	8	0.02	0.928756073591
9671	wip	1e7	8	0.005	0.954387059551
9671	ip	1e7	8	0.005	0.866443683795
9671	wip	1e7	8	0.002	0.914231393843
9671	ip	1e7	8	0.002	0.636310119001
9671	wip	1e7	8	0.001	0.878060646415
9671	ip	1e7	8	0.001	0.497219575701
9671	wip	1e7	1	0.005	0.613866817708
9671	ip	1e7	1	0.005	0.540994698865
9671	wip	1e7	2	0.005	0.668064626453
9671	ip	1e7	2	0.005	0.572812878029
9671	wip	1e7	4	0.005	0.900760154515
9671	ip	1e7	4	0.005	0.766046158507
9671	wip	1e7	8	0.005	0.954387059551
9671	ip	1e7	8	0.005	0.866443683795
9671	wip	1e7	16	0.005	0.951050566493
9671	ip	1e7	16	0.005	0.847180739122
9671	wip	1e7	32	0.005	0.975402752253
9671	ip	1e7	32	0.005	0.932707714494
9671	wip	1e7	64	0.005	0.977440828795
9671	ip	1e7	64	0.005	0.96333360064
9671	wip	1e7	128	0.005	0.971233869891
9671	ip	1e7	128	0.005	0.952717579357
9671	wip	1e7	1	0.01	0.615885745684
9671	ip	1e7	1	0.01	0.595643173394
9671	wip	1e7	2	0.01	0.886860871632
9671	ip	1e7	2	0.01	0.85511628987
9671	wip	1e7	4	0.01	0.884180837001
9671	ip	1e7	4	0.01	0.825033696238
9671	wip	1e7	8	0.01	0.921913177104
9671	ip	1e7	8	0.01	0.924013726445
9671	wip	1e7	16	0.01	0.908693088293
9671	ip	1e7	16	0.01	0.915031782667
9671	wip	1e7	32	0.01	0.910433499024
9671	ip	1e7	32	0.01	0.928792907236
9671	wip	1e7	64	0.01	0.918973028164
9671	ip	1e7	64	0.01	0.939308974855
9671	wip	1e7	128	0.01	0.923593560115
9671	ip	1e7	128	0.01	0.953941164346
9671	wip	1e7	32	0.2	0.967573787359
9671	ip	1e7	32	0.2	0.947827451386
9671	wip	1e7	32	0.1	0.928750976384
9671	ip	1e7	32	0.1	0.926528575758
9671	wip	1e7	32	0.05	0.932446091531
9671	ip	1e7	32	0.05	0.936559715957
9671	wip	1e7	32	0.02	0.933189595383
9671	ip	1e7	32	0.02	0.940335795004
9671	wip	1e7	32	0.005	0.975402752253
9671	ip	1e7	32	0.005	0.932707714494
9671	wip	1e7	32	0.002	0.935882440529
9671	ip	1e7	32	0.002	0.873293469062
9671	wip	1e7	32	0.001	0.934387063331
9671	ip	1e7	32	0.001	0.79063554816
3176	wip	1e7	1	0.002	0.31019503788
3176	ip	1e7	1	0.002	0.280272395248
3176	wip	1e7	2	0.002	0.647503527341
3176	ip	1e7	2	0.002	0.553990370339
3176	wip	1e7	4	0.002	0.830995590358
3176	ip	1e7	4	0.002	0.689173326249
3176	wip	1e7	8	0.002	0.868740153938
3176	ip	1e7	8	0.002	0.674513622584
3176	wip	1e7	16	0.002	0.918647569966
3176	ip	1e7	16	0.002	0.796189878441
3176	wip	1e7	32	0.002	0.884972527448
3176	ip	1e7	32	0.002	0.867817316231
3176	wip	1e7	64	0.002	0.888008602082
3176	ip	1e7	64	0.002	0.938859907123
3176	wip	1e7	128	0.002	0.894576509289
3176	ip	1e7	128	0.002	0.934164115986
3176	wip	1e7	8	0.2	0.909840545894
3176	ip	1e7	8	0.2	0.932704077095
3176	wip	1e7	8	0.1	0.963498686549
3176	ip	1e7	8	0.1	0.939410765812
3176	wip	1e7	8	0.05	0.918458064232
3176	ip	1e7	8	0.05	0.939896987734
3176	wip	1e7	8	0.02	0.925033871786
3176	ip	1e7	8	0.02	0.931680970535
3176	wip	1e7	8	0.005	0.924783121077
3176	ip	1e7	8	0.005	0.879656063716
3176	wip	1e7	8	0.002	0.868740153938
3176	ip	1e7	8	0.002	0.674513622584
3176	wip	1e7	8	0.001	0.879777985423
3176	ip	1e7	8	0.001	0.555895537762
3176	wip	1e7	1	0.005	0.675771918468
3176	ip	1e7	1	0.005	0.654800409827
3176	wip	1e7	2	0.005	0.662742791668
3176	ip	1e7	2	0.005	0.606457437781
3176	wip	1e7	4	0.005	0.896011773239
3176	ip	1e7	4	0.005	0.821902368837
3176	wip	1e7	8	0.005	0.924783121077
3176	ip	1e7	8	0.005	0.879656063716
3176	wip	1e7	16	0.005	0.919626383648
3176	ip	1e7	16	0.005	0.874305983995
3176	wip	1e7	32	0.005	0.92308573907
3176	ip	1e7	32	0.005	0.923754148741
3176	wip	1e7	64	0.005	0.925525666297
3176	ip	1e7	64	0.005	0.926436101408
3176	wip	1e7	128	0.005	0.949043176983
3176	ip	1e7	128	0.005	0.947006559545
3176	wip	1e7	1	0.01	0.829794177592
3176	ip	1e7	1	0.01	0.807083385185
3176	wip	1e7	2	0.01	0.843692345737
3176	ip	1e7	2	0.01	0.802565712186
3176	wip	1e7	4	0.01	0.896933498219
3176	ip	1e7	4	0.01	0.836019468587
3176	wip	1e7	8	0.01	0.882440113657
3176	ip	1e7	8	0.01	0.845021972401
3176	wip	1e7	16	0.01	0.923841792157
3176	ip	1e7	16	0.01	0.924927771982
3176	wip	1e7	32	0.01	0.915339060933
3176	ip	1e7	32	0.01	0.948647660496
3176	wip	1e7	64	0.01	0.91362738468
3176	ip	1e7	64	0.01	0.955444610845
3176	wip	1e7	128	0.01	0.917820206428
3176	ip	1e7	128	0.01	0.960001201471
3176	wip	1e7	32	0.2	0.900101687347
3176	ip	1e7	32	0.2	0.940701627071
3176	wip	1e7	32	0.1	0.948376103938
3176	ip	1e7	32	0.1	0.936519190063
3176	wip	1e7	32	0.05	0.932824075769
3176	ip	1e7	32	0.05	0.971226426129
3176	wip	1e7	32	0.02	0.936889040706
3176	ip	1e7	32	0.02	0.949714216161
3176	wip	1e7	32	0.005	0.92308573907
3176	ip	1e7	32	0.005	0.923754148741
3176	wip	1e7	32	0.002	0.884972527448
3176	ip	1e7	32	0.002	0.867817316231
3176	wip	1e7	32	0.001	0.907136120493
3176	ip	1e7	32	0.001	0.686041502794
3562	wip	1e7	1	0.002	0.18128984209
3562	ip	1e7	1	0.002	0.134679740008
3562	wip	1e7	2	0.002	0.352828554778
3562	ip	1e7	2	0.002	0.243754687442
3562	wip	1e7	4	0.002	0.668113150691
3562	ip	1e7	4	0.002	0.371300167098
3562	wip	1e7	8	0.002	0.746991362785
3562	ip	1e7	8	0.002	0.443307905331
3562	wip	1e7	16	0.002	0.830034457031
3562	ip	1e7	16	0.002	0.570938391727
3562	wip	1e7	32	0.002	0.852256590132
3562	ip	1e7	32	0.002	0.774308335289
3562	wip	1e7	64	0.002	0.847765234526
3562	ip	1e7	64	0.002	0.859850992674
3562	wip	1e7	128	0.002	0.861309716123
3562	ip	1e7	128	0.002	0.887808227737
3562	wip	1e7	8	0.2	0.822312394363
3562	ip	1e7	8	0.2	0.854422667108
3562	wip	1e7	8	0.1	0.89711035074
3562	ip	1e7	8	0.1	0.903333527177
3562	wip	1e7	8	0.05	0.908705653492
3562	ip	1e7	8	0.05	0.886273258882
3562	wip	1e7	8	0.02	0.884478720553
3562	ip	1e7	8	0.02	0.856857656925
3562	wip	1e7	8	0.005	0.790348836109
3562	ip	1e7	8	0.005	0.643354646761
3562	wip	1e7	8	0.002	0.746991362785
3562	ip	1e7	8	0.002	0.443307905331
3562	wip	1e7	8	0.001	0.739726446781
3562	ip	1e7	8	0.001	0.293840322763
3562	wip	1e7	1	0.005	0.364370735622
3562	ip	1e7	1	0.005	0.32011502677
3562	wip	1e7	2	0.005	0.490503659128
3562	ip	1e7	2	0.005	0.418557511955
3562	wip	1e7	4	0.005	0.710053360997
3562	ip	1e7	4	0.005	0.533284242199
3562	wip	1e7	8	0.005	0.790348836109
3562	ip	1e7	8	0.005	0.643354646761
3562	wip	1e7	16	0.005	0.848429090907
3562	ip	1e7	16	0.005	0.737409306879
3562	wip	1e7	32	0.005	0.839704916841
3562	ip	1e7	32	0.005	0.869391062583
3562	wip	1e7	64	0.005	0.840254112367
3562	ip	1e7	64	0.005	0.875674774487
3562	wip	1e7	128	0.005	0.863021795573
3562	ip	1e7	128	0.005	0.918939128262
3562	wip	1e7	1	0.01	0.664182842875
3562	ip	1e7	1	0.01	0.623542620773
3562	wip	1e7	2	0.01	0.772113243351
3562	ip	1e7	2	0.01	0.663379745586
3562	wip	1e7	4	0.01	0.803686338212
3562	ip	1e7	4	0.01	0.674807789779
3562	wip	1e7	8	0.01	0.931076774001
3562	ip	1e7	8	0.01	0.841523496344
3562	wip	1e7	16	0.01	0.936506213131
3562	ip	1e7	16	0.01	0.848766276211
3562	wip	1e7	32	0.01	0.905505597219
3562	ip	1e7	32	0.01	0.75734992275
3562	wip	1e7	64	0.01	0.942863939488
3562	ip	1e7	64	0.01	0.891461362681
3562	wip	1e7	128	0.01	0.954472688388
3562	ip	1e7	128	0.01	0.917211367786
3562	wip	1e7	32	0.2	0.770302599725
3562	ip	1e7	32	0.2	0.7946453739
3562	wip	1e7	32	0.1	0.887465148387
3562	ip	1e7	32	0.1	0.903750266085
3562	wip	1e7	32	0.05	0.931714611017
3562	ip	1e7	32	0.05	0.924597630476
3562	wip	1e7	32	0.02	0.894693708785
3562	ip	1e7	32	0.02	0.92550843213
3562	wip	1e7	32	0.005	0.839704916841
3562	ip	1e7	32	0.005	0.869391062583
3562	wip	1e7	32	0.002	0.852256590132
3562	ip	1e7	32	0.002	0.774308335289
3562	wip	1e7	32	0.001	0.929377889414
3562	ip	1e7	32	0.001	0.69491765251
7051	wip	1e7	1	0.002	0.323832434117
7051	ip	1e7	1	0.002	0.261341803144
7051	wip	1e7	2	0.002	0.617874302107
7051	ip	1e7	2	0.002	0.465793102863
7051	wip	1e7	4	0.002	0.627219247504
7051	ip	1e7	4	0.002	0.486619314447
7051	wip	1e7	8	0.002	0.852946626519
7051	ip	1e7	8	0.002	0.622451947219
7051	wip	1e7	16	0.002	0.900436261774
7051	ip	1e7	16	0.002	0.788317059728
7051	wip	1e7	32	0.002	0.935524106227
7051	ip	1e7	32	0.002	0.856608268569
7051	wip	1e7	64	0.002	0.941631079049
7051	ip	1e7	64	0.002	0.868151107637
7051	wip	1e7	128	0.002	0.937926617059
7051	ip	1e7	128	0.002	0.924873882079
7051	wip	1e7	8	0.2	0.950582444824
7051	ip	1e7	8	0.2	0.945070955648
7051	wip	1e7	8	0.1	0.946040976997
7051	ip	1e7	8	0.1	0.945105750074
7051	wip	1e7	8	0.05	0.919345938502
7051	ip	1e7	8	0.05	0.927390941303
7051	wip	1e7	8	0.02	0.931901533117
7051	ip	1e7	8	0.02	0.933494170759
7051	wip	1e7	8	0.005	0.953778851674
7051	ip	1e7	8	0.005	0.880017775754
7051	wip	1e7	8	0.002	0.852946626519
7051	ip	1e7	8	0.002	0.622451947219
7051	wip	1e7	8	0.001	0.818580064618
7051	ip	1e7	8	0.001	0.617156766169
7051	wip	1e7	1	0.005	0.598324253903
7051	ip	1e7	1	0.005	0.543507904481
7051	wip	1e7	2	0.005	0.757806691054
7051	ip	1e7	2	0.005	0.707928856677
7051	wip	1e7	4	0.005	0.834524801679
7051	ip	1e7	4	0.005	0.711111087289
7051	wip	1e7	8	0.005	0.953778851674
7051	ip	1e7	8	0.005	0.880017775754
7051	wip	1e7	16	0.005	0.947955124276
7051	ip	1e7	16	0.005	0.843200257012
7051	wip	1e7	32	0.005	0.9724468519
7051	ip	1e7	32	0.005	0.924077023236
7051	wip	1e7	64	0.005	0.972582876601
7051	ip	1e7	64	0.005	0.928911259436
7051	wip	1e7	128	0.005	0.977641279146
7051	ip	1e7	128	0.005	0.956646685551
7051	wip	1e7	1	0.01	0.773338625525
7051	ip	1e7	1	0.01	0.759421404984
7051	wip	1e7	2	0.01	0.817449713199
7051	ip	1e7	2	0.01	0.803931491405
7051	wip	1e7	4	0.01	0.849934016324
7051	ip	1e7	4	0.01	0.825511672841
7051	wip	1e7	8	0.01	0.92484346525
7051	ip	1e7	8	0.01	0.894207802397
7051	wip	1e7	16	0.01	0.946442504541
7051	ip	1e7	16	0.01	0.929002825886
7051	wip	1e7	32	0.01	0.946394847718
7051	ip	1e7	32	0.01	0.916495480475
7051	wip	1e7	64	0.01	0.957166736066
7051	ip	1e7	64	0.01	0.952932413826
7051	wip	1e7	128	0.01	0.950146175321
7051	ip	1e7	128	0.01	0.959104214408
7051	wip	1e7	32	0.2	0.938219716337
7051	ip	1e7	32	0.2	0.920448378637
7051	wip	1e7	32	0.1	0.950180562748
7051	ip	1e7	32	0.1	0.932536052719
7051	wip	1e7	32	0.05	0.926492843844
7051	ip	1e7	32	0.05	0.922787099344
7051	wip	1e7	32	0.02	0.935201567796
7051	ip	1e7	32	0.02	0.946514484222
7051	wip	1e7	32	0.005	0.9724468519
7051	ip	1e7	32	0.005	0.924077023236
7051	wip	1e7	32	0.002	0.935524106227
7051	ip	1e7	32	0.002	0.856608268569
7051	wip	1e7	32	0.001	0.609111204656
7051	ip	1e7	32	0.001	0.535767325593
6731	wip	1e7	1	0.002	0.157045498978
6731	ip	1e7	1	0.002	0.149321478879
6731	wip	1e7	2	0.002	0.441814468065
6731	ip	1e7	2	0.002	0.405094591432
6731	wip	1e7	4	0.002	0.538587855737
6731	ip	1e7	4	0.002	0.382394734169
6731	wip	1e7	8	0.002	0.881910817737
6731	ip	1e7	8	0.002	0.673143664224
6731	wip	1e7	16	0.002	0.94158350709
6731	ip	1e7	16	0.002	0.642644390835
6731	wip	1e7	32	0.002	0.961089284034
6731	ip	1e7	32	0.002	0.945122704313
6731	wip	1e7	64	0.002	0.958655616411
6731	ip	1e7	64	0.002	0.952691522724
6731	wip	1e7	128	0.002	0.950835074697
6731	ip	1e7	128	0.002	0.946984575407
6731	wip	1e7	8	0.2	0.964965871343
6731	ip	1e7	8	0.2	0.961315222676
6731	wip	1e7	8	0.1	0.953933018993
6731	ip	1e7	8	0.1	0.96751698163
6731	wip	1e7	8	0.05	0.881285665822
6731	ip	1e7	8	0.05	0.881966099607
6731	wip	1e7	8	0.02	0.953294358183
6731	ip	1e7	8	0.02	0.957216656142
6731	wip	1e7	8	0.005	0.792501760411
6731	ip	1e7	8	0.005	0.743379760293
6731	wip	1e7	8	0.002	0.881910817737
6731	ip	1e7	8	0.002	0.673143664224
6731	wip	1e7	8	0.001	0.824861843274
6731	ip	1e7	8	0.001	0.444151464093
6731	wip	1e7	1	0.005	0.327708034101
6731	ip	1e7	1	0.005	0.336648671749
6731	wip	1e7	2	0.005	0.821797817906
6731	ip	1e7	2	0.005	0.748586978152
6731	wip	1e7	4	0.005	0.878996842368
6731	ip	1e7	4	0.005	0.765912897184
6731	wip	1e7	8	0.005	0.792501760411
6731	ip	1e7	8	0.005	0.743379760293
6731	wip	1e7	16	0.005	0.942906472506
6731	ip	1e7	16	0.005	0.943516241582
6731	wip	1e7	32	0.005	0.949167371172
6731	ip	1e7	32	0.005	0.949987335249
6731	wip	1e7	64	0.005	0.81214563199
6731	ip	1e7	64	0.005	0.83561106333
6731	wip	1e7	128	0.005	0.944631369571
6731	ip	1e7	128	0.005	0.973904182664
6731	wip	1e7	1	0.01	0.660360146618
6731	ip	1e7	1	0.01	0.690175917351
6731	wip	1e7	2	0.01	0.853500121177
6731	ip	1e7	2	0.01	0.828755177436
6731	wip	1e7	4	0.01	0.804201331026
6731	ip	1e7	4	0.01	0.773377657055
6731	wip	1e7	8	0.01	0.931848646774
6731	ip	1e7	8	0.01	0.873423558291
6731	wip	1e7	16	0.01	0.951163775488
6731	ip	1e7	16	0.01	0.957287240964
6731	wip	1e7	32	0.01	0.950160255916
6731	ip	1e7	32	0.01	0.965103667415
6731	wip	1e7	64	0.01	0.936975567286
6731	ip	1e7	64	0.01	0.952020922668
6731	wip	1e7	128	0.01	0.936932251191
6731	ip	1e7	128	0.01	0.975762737039
6731	wip	1e7	32	0.2	0.975490569699
6731	ip	1e7	32	0.2	0.969273643935
6731	wip	1e7	32	0.1	0.940395112627
6731	ip	1e7	32	0.1	0.96189695541
6731	wip	1e7	32	0.05	0.950669042365
6731	ip	1e7	32	0.05	0.962805007876
6731	wip	1e7	32	0.02	0.949175419455
6731	ip	1e7	32	0.02	0.953947293742
6731	wip	1e7	32	0.005	0.949167371172
6731	ip	1e7	32	0.005	0.949987335249
6731	wip	1e7	32	0.002	0.961089284034
6731	ip	1e7	32	0.002	0.945122704313
6731	wip	1e7	32	0.001	0.965722338299
6731	ip	1e7	32	0.001	0.827686616745
3544	wip	1e7	1	0.002	0.312304083834
3544	ip	1e7	1	0.002	0.232956548448
3544	wip	1e7	2	0.002	0.699289206639
3544	ip	1e7	2	0.002	0.536914670694
3544	wip	1e7	4	0.002	0.821452858596
3544	ip	1e7	4	0.002	0.713648495305
3544	wip	1e7	8	0.002	0.905169620445
3544	ip	1e7	8	0.002	0.791073749263
3544	wip	1e7	16	0.002	0.885232970098
3544	ip	1e7	16	0.002	0.700713381748
3544	wip	1e7	32	0.002	0.938175942767
3544	ip	1e7	32	0.002	0.836803888106
3544	wip	1e7	64	0.002	0.963377224404
3544	ip	1e7	64	0.002	0.899931249933
3544	wip	1e7	128	0.002	0.946030568535
3544	ip	1e7	128	0.002	0.908861294847
3544	wip	1e7	8	0.2	0.86487724271
3544	ip	1e7	8	0.2	0.873083321536
3544	wip	1e7	8	0.1	0.913359010745
3544	ip	1e7	8	0.1	0.900125026327
3544	wip	1e7	8	0.05	0.900267767338
3544	ip	1e7	8	0.05	0.920617161007
3544	wip	1e7	8	0.02	0.871099225509
3544	ip	1e7	8	0.02	0.852342785887
3544	wip	1e7	8	0.005	0.84585197717
3544	ip	1e7	8	0.005	0.807629653857
3544	wip	1e7	8	0.002	0.905169620445
3544	ip	1e7	8	0.002	0.791073749263
3544	wip	1e7	8	0.001	0.838836608615
3544	ip	1e7	8	0.001	0.631635871364
3544	wip	1e7	1	0.005	0.780427649406
3544	ip	1e7	1	0.005	0.731824597129
3544	wip	1e7	2	0.005	0.786640644016
3544	ip	1e7	2	0.005	0.764897628946
3544	wip	1e7	4	0.005	0.776333343689
3544	ip	1e7	4	0.005	0.72308894415
3544	wip	1e7	8	0.005	0.84585197717
3544	ip	1e7	8	0.005	0.807629653857
3544	wip	1e7	16	0.005	0.887274983392
3544	ip	1e7	16	0.005	0.812140516015
3544	wip	1e7	32	0.005	0.938719666354
3544	ip	1e7	32	0.005	0.878451633147
3544	wip	1e7	64	0.005	0.934082598044
3544	ip	1e7	64	0.005	0.91187232324
3544	wip	1e7	128	0.005	0.916291852624
3544	ip	1e7	128	0.005	0.903474626182
3544	wip	1e7	1	0.01	0.806839134691
3544	ip	1e7	1	0.01	0.739657292108
3544	wip	1e7	2	0.01	0.8292142309
3544	ip	1e7	2	0.01	0.82661237683
3544	wip	1e7	4	0.01	0.822359746475
3544	ip	1e7	4	0.01	0.811810201451
3544	wip	1e7	8	0.01	0.886920130235
3544	ip	1e7	8	0.01	0.842730963585
3544	wip	1e7	16	0.01	0.888769982687
3544	ip	1e7	16	0.01	0.86999067997
3544	wip	1e7	32	0.01	0.9019397092
3544	ip	1e7	32	0.01	0.909591463063
3544	wip	1e7	64	0.01	0.879552700776
3544	ip	1e7	64	0.01	0.887582981947
3544	wip	1e7	128	0.01	0.877563201247
3544	ip	1e7	128	0.01	0.91381659565
3544	wip	1e7	32	0.2	0.877685503144
3544	ip	1e7	32	0.2	0.898763610949
3544	wip	1e7	32	0.1	0.909258291143
3544	ip	1e7	32	0.1	0.883116759958
3544	wip	1e7	32	0.05	0.901448826019
3544	ip	1e7	32	0.05	0.940191748276
3544	wip	1e7	32	0.02	0.926232250861
3544	ip	1e7	32	0.02	0.927584158896
3544	wip	1e7	32	0.005	0.938719666354
3544	ip	1e7	32	0.005	0.878451633147
3544	wip	1e7	32	0.002	0.938175942767
3544	ip	1e7	32	0.002	0.836803888106
3544	wip	1e7	32	0.001	0.906875698652
3544	ip	1e7	32	0.001	0.746393346189
2841	wip	1e7	1	0.002	0.358159704423
2841	ip	1e7	1	0.002	0.318962062172
2841	wip	1e7	2	0.002	0.4422958132
2841	ip	1e7	2	0.002	0.335367302969
2841	wip	1e7	4	0.002	0.56486019344
2841	ip	1e7	4	0.002	0.375199410128
2841	wip	1e7	8	0.002	0.827463176256
2841	ip	1e7	8	0.002	0.579255222721
2841	wip	1e7	16	0.002	0.853287613567
2841	ip	1e7	16	0.002	0.722525541984
2841	wip	1e7	32	0.002	0.876239775859
2841	ip	1e7	32	0.002	0.814481590365
2841	wip	1e7	64	0.002	0.918840675875
2841	ip	1e7	64	0.002	0.911737545572
2841	wip	1e7	128	0.002	0.893927169577
2841	ip	1e7	128	0.002	0.911870399898
2841	wip	1e7	8	0.2	0.887316603087
2841	ip	1e7	8	0.2	0.902830414658
2841	wip	1e7	8	0.1	0.932621293151
2841	ip	1e7	8	0.1	0.936471658912
2841	wip	1e7	8	0.05	0.844035499478
2841	ip	1e7	8	0.05	0.887653693169
2841	wip	1e7	8	0.02	0.90265243101
2841	ip	1e7	8	0.02	0.875017697689
2841	wip	1e7	8	0.005	0.905431292358
2841	ip	1e7	8	0.005	0.770329494717
2841	wip	1e7	8	0.002	0.827463176256
2841	ip	1e7	8	0.002	0.579255222721
2841	wip	1e7	8	0.001	0.869136727781
2841	ip	1e7	8	0.001	0.499631465844
2841	wip	1e7	1	0.005	0.583677321641
2841	ip	1e7	1	0.005	0.554177306396
2841	wip	1e7	2	0.005	0.734754099202
2841	ip	1e7	2	0.005	0.606523798463
2841	wip	1e7	4	0.005	0.858175777167
2841	ip	1e7	4	0.005	0.74901156911
2841	wip	1e7	8	0.005	0.905431292358
2841	ip	1e7	8	0.005	0.770329494717
2841	wip	1e7	16	0.005	0.9471531702
2841	ip	1e7	16	0.005	0.893101221583
2841	wip	1e7	32	0.005	0.955533334367
2841	ip	1e7	32	0.005	0.911332729495
2841	wip	1e7	64	0.005	0.95038208969
2841	ip	1e7	64	0.005	0.941517966221
2841	wip	1e7	128	0.005	0.941329025439
2841	ip	1e7	128	0.005	0.974409650777
2841	wip	1e7	1	0.01	0.752443071084
2841	ip	1e7	1	0.01	0.701148043264
2841	wip	1e7	2	0.01	0.827472870408
2841	ip	1e7	2	0.01	0.777517515322
2841	wip	1e7	4	0.01	0.867560088456
2841	ip	1e7	4	0.01	0.838864709349
2841	wip	1e7	8	0.01	0.875160994398
2841	ip	1e7	8	0.01	0.856870641334
2841	wip	1e7	16	0.01	0.860251632317
2841	ip	1e7	16	0.01	0.813929364307
2841	wip	1e7	32	0.01	0.790387310466
2841	ip	1e7	32	0.01	0.770630671865
2841	wip	1e7	64	0.01	0.945200676781
2841	ip	1e7	64	0.01	0.969483504673
2841	wip	1e7	128	0.01	0.881873952204
2841	ip	1e7	128	0.01	0.948048688531
2841	wip	1e7	32	0.2	0.896336043122
2841	ip	1e7	32	0.2	0.929114663821
2841	wip	1e7	32	0.1	0.9496831238
2841	ip	1e7	32	0.1	0.956022853521
2841	wip	1e7	32	0.05	0.860864017306
2841	ip	1e7	32	0.05	0.950962516519
2841	wip	1e7	32	0.02	0.933961413157
2841	ip	1e7	32	0.02	0.923087142952
2841	wip	1e7	32	0.005	0.955533334367
2841	ip	1e7	32	0.005	0.911332729495
2841	wip	1e7	32	0.002	0.876239775859
2841	ip	1e7	32	0.002	0.814481590365
2841	wip	1e7	32	0.001	0.917336256533
2841	ip	1e7	32	0.001	0.837742435407
7837	wip	1e7	1	0.002	0.375997054046
7837	ip	1e7	1	0.002	0.31472665585
7837	wip	1e7	2	0.002	0.537404081252
7837	ip	1e7	2	0.002	0.370910224146
7837	wip	1e7	4	0.002	0.76098638192
7837	ip	1e7	4	0.002	0.516251410431
7837	wip	1e7	8	0.002	0.878242928676
7837	ip	1e7	8	0.002	0.597934211127
7837	wip	1e7	16	0.002	0.89354442305
7837	ip	1e7	16	0.002	0.703963613861
7837	wip	1e7	32	0.002	0.858320587724
7837	ip	1e7	32	0.002	0.722883403797
7837	wip	1e7	64	0.002	0.903932336634
7837	ip	1e7	64	0.002	0.877875516617
7837	wip	1e7	128	0.002	0.852854514052
7837	ip	1e7	128	0.002	0.81874164992
7837	wip	1e7	8	0.2	0.862095935233
7837	ip	1e7	8	0.2	0.862816167512
7837	wip	1e7	8	0.1	0.924541721379
7837	ip	1e7	8	0.1	0.90014515239
7837	wip	1e7	8	0.05	0.778631919384
7837	ip	1e7	8	0.05	0.843255921735
7837	wip	1e7	8	0.02	0.867462798347
7837	ip	1e7	8	0.02	0.888600081321
7837	wip	1e7	8	0.005	0.915194379599
7837	ip	1e7	8	0.005	0.801817221138
7837	wip	1e7	8	0.002	0.878242928676
7837	ip	1e7	8	0.002	0.597934211127
7837	wip	1e7	8	0.001	0.853732757869
7837	ip	1e7	8	0.001	0.478351271179
7837	wip	1e7	1	0.005	0.538590743312
7837	ip	1e7	1	0.005	0.42676509696
7837	wip	1e7	2	0.005	0.818839583456
7837	ip	1e7	2	0.005	0.693684743202
7837	wip	1e7	4	0.005	0.754771913576
7837	ip	1e7	4	0.005	0.569663387106
7837	wip	1e7	8	0.005	0.915194379599
7837	ip	1e7	8	0.005	0.801817221138
7837	wip	1e7	16	0.005	0.932457568889
7837	ip	1e7	16	0.005	0.821906286874
7837	wip	1e7	32	0.005	0.950119766875
7837	ip	1e7	32	0.005	0.851706961799
7837	wip	1e7	64	0.005	0.946252301457
7837	ip	1e7	64	0.005	0.842501804426
7837	wip	1e7	128	0.005	0.944293509815
7837	ip	1e7	128	0.005	0.830563212175
7837	wip	1e7	1	0.01	0.80669653939
7837	ip	1e7	1	0.01	0.697389347356
7837	wip	1e7	2	0.01	0.711148058673
7837	ip	1e7	2	0.01	0.635992788789
7837	wip	1e7	4	0.01	0.864093032622
7837	ip	1e7	4	0.01	0.831256239482
7837	wip	1e7	8	0.01	0.921833508645
7837	ip	1e7	8	0.01	0.907069444444
7837	wip	1e7	16	0.01	0.897446079265
7837	ip	1e7	16	0.01	0.860196058881
7837	wip	1e7	32	0.01	0.926864694866
7837	ip	1e7	32	0.01	0.889839594492
7837	wip	1e7	64	0.01	0.934458945439
7837	ip	1e7	64	0.01	0.917904973885
7837	wip	1e7	128	0.01	0.927889007777
7837	ip	1e7	128	0.01	0.955735103646
7837	wip	1e7	32	0.2	0.900243221944
7837	ip	1e7	32	0.2	0.927987947379
7837	wip	1e7	32	0.1	0.930218474311
7837	ip	1e7	32	0.1	0.893525732345
7837	wip	1e7	32	0.05	0.764054829957
7837	ip	1e7	32	0.05	0.865853435649
7837	wip	1e7	32	0.02	0.885582206598
7837	ip	1e7	32	0.02	0.904922387862
7837	wip	1e7	32	0.005	0.950119766875
7837	ip	1e7	32	0.005	0.851706961799
7837	wip	1e7	32	0.002	0.858320587724
7837	ip	1e7	32	0.002	0.722883403797
7837	wip	1e7	32	0.001	0.903061669331
7837	ip	1e7	32	0.001	0.627565566798
7460	mash	100000	1	0.002	0.311963421572
7460	mashec	100000	1	0.002	0.149889202164
7460	mash	100000	2	0.002	0.372263278035
7460	mashec	100000	2	0.002	0.204203184512
7460	mash	100000	4	0.002	0.673995561907
7460	mashec	100000	4	0.002	0.405318804239
7460	mash	100000	8	0.002	0.487790081316
7460	mashec	100000	8	0.002	0.573452920439
7460	mash	100000	16	0.002	0.456286611293
7460	mashec	100000	16	0.002	0.963911538558
7460	mash	100000	32	0.002	0.350008208619
7460	mashec	100000	32	0.002	0.908253443808
7460	mash	100000	64	0.002	0.243804790498
7460	mashec	100000	64	0.002	0.817890067805
7460	mash	100000	128	0.002	0.301459218944
7460	mashec	100000	128	0.002	0.572111810153
7460	mash	100000	8	0.2	0.968467628645
7460	mashec	100000	8	0.2	0.961862973862
7460	mash	100000	8	0.1	0.946201373893
7460	mashec	100000	8	0.1	0.950774951823
7460	mash	100000	8	0.05	0.939070964779
7460	mashec	100000	8	0.05	0.956906233085
7460	mash	100000	8	0.02	0.896704861265
7460	mashec	100000	8	0.02	0.814110594098
7460	mash	100000	8	0.005	0.761445148146
7460	mashec	100000	8	0.005	0.731250110506
7460	mash	100000	8	0.002	0.487790081316
7460	mashec	100000	8	0.002	0.573452920439
7460	mash	100000	8	0.001	0.401713200643
7460	mashec	100000	8	0.001	0.488065390756
7460	mash	100000	1	0.005	0.481710429805
7460	mashec	100000	1	0.005	0.248392162713
7460	mash	100000	2	0.005	0.624284245548
7460	mashec	100000	2	0.005	0.476899494747
7460	mash	100000	4	0.005	0.845458128792
7460	mashec	100000	4	0.005	0.668645142198
7460	mash	100000	8	0.005	0.761445148146
7460	mashec	100000	8	0.005	0.731250110506
7460	mash	100000	16	0.005	0.445265805638
7460	mashec	100000	16	0.005	0.961330449607
7460	mash	100000	32	0.005	0.334808830308
7460	mashec	100000	32	0.005	0.87367257988
7460	mash	100000	64	0.005	0.499348733813
7460	mashec	100000	64	0.005	0.914708259655
7460	mash	100000	128	0.005	0.447660735192
7460	mashec	100000	128	0.005	0.765756281302
7460	mash	100000	1	0.01	0.855370745858
7460	mashec	100000	1	0.01	0.704178433259
7460	mash	100000	2	0.01	0.761155653575
7460	mashec	100000	2	0.01	0.606546545434
7460	mash	100000	4	0.01	0.835739692615
7460	mashec	100000	4	0.01	0.677662182395
7460	mash	100000	8	0.01	0.893695790676
7460	mashec	100000	8	0.01	0.931402340571
7460	mash	100000	16	0.01	0.58210108489
7460	mashec	100000	16	0.01	0.950280765858
7460	mash	100000	32	0.01	0.769711743392
7460	mashec	100000	32	0.01	0.953620723811
7460	mash	100000	64	0.01	0.740386405233
7460	mashec	100000	64	0.01	0.936547476525
7460	mash	100000	128	0.01	0.808382142348
7460	mashec	100000	128	0.01	0.895688772725
7460	mash	100000	32	0.2	0.937269953772
7460	mashec	100000	32	0.2	0.963074746203
7460	mash	100000	32	0.1	0.939230022029
7460	mashec	100000	32	0.1	0.943194606652
7460	mash	100000	32	0.05	0.909095661931
7460	mashec	100000	32	0.05	0.968119350109
7460	mash	100000	32	0.02	0.871932362888
7460	mashec	100000	32	0.02	0.965848044874
7460	mash	100000	32	0.005	0.334808830308
7460	mashec	100000	32	0.005	0.87367257988
7460	mash	100000	32	0.002	0.350008208619
7460	mashec	100000	32	0.002	0.908253443808
7460	mash	100000	32	0.001	0.00246994571209
7460	mashec	100000	32	0.001	0.879669558393
1285	mash	100000	1	0.002	0.159792789134
1285	mashec	100000	1	0.002	0.0504586757694
1285	mash	100000	2	0.002	0.365556691253
1285	mashec	100000	2	0.002	0.149716929323
1285	mash	100000	4	0.002	0.614215250803
1285	mashec	100000	4	0.002	0.266801314002
1285	mash	100000	8	0.002	0.389258070017
1285	mashec	100000	8	0.002	0.460820542735
1285	mash	100000	16	0.002	0.288600767673
1285	mashec	100000	16	0.002	0.921229408801
1285	mash	100000	32	0.002	0.126032419608
1285	mashec	100000	32	0.002	0.855659722175
1285	mash	100000	64	0.002	0.162727011309
1285	mashec	100000	64	0.002	0.759598247958
1285	mash	100000	128	0.002	0.258782330069
1285	mashec	100000	128	0.002	0.393000256543
1285	mash	100000	8	0.2	0.868763806568
1285	mashec	100000	8	0.2	0.894681994748
1285	mash	100000	8	0.1	0.887107667094
1285	mashec	100000	8	0.1	0.872939395712
1285	mash	100000	8	0.05	0.847914857758
1285	mashec	100000	8	0.05	0.840024916958
1285	mash	100000	8	0.02	0.879984833512
1285	mashec	100000	8	0.02	0.846415721347
1285	mash	100000	8	0.005	0.698112539099
1285	mashec	100000	8	0.005	0.867053057316
1285	mash	100000	8	0.002	0.389258070017
1285	mashec	100000	8	0.002	0.460820542735
1285	mash	100000	8	0.001	0.285994937429
1285	mashec	100000	8	0.001	0.385710430332
1285	mash	100000	1	0.005	0.493667936231
1285	mashec	100000	1	0.005	0.241868567431
1285	mash	100000	2	0.005	0.562583636178
1285	mashec	100000	2	0.005	0.275150891264
1285	mash	100000	4	0.005	0.708286692191
1285	mashec	100000	4	0.005	0.485698290579
1285	mash	100000	8	0.005	0.698112539099
1285	mashec	100000	8	0.005	0.867053057316
1285	mash	100000	16	0.005	0.382554157381
1285	mashec	100000	16	0.005	0.884701469218
1285	mash	100000	32	0.005	0.35655929681
1285	mashec	100000	32	0.005	0.848512320805
1285	mash	100000	64	0.005	0.468044680857
1285	mashec	100000	64	0.005	0.857729510436
1285	mash	100000	128	0.005	0.387335916501
1285	mashec	100000	128	0.005	0.690342184595
1285	mash	100000	1	0.01	0.737183511395
1285	mashec	100000	1	0.01	0.489499647121
1285	mash	100000	2	0.01	0.712297851153
1285	mashec	100000	2	0.01	0.455479090835
1285	mash	100000	4	0.01	0.765394884123
1285	mashec	100000	4	0.01	0.706733228258
1285	mash	100000	8	0.01	0.799968038663
1285	mashec	100000	8	0.01	0.843972077135
1285	mash	100000	16	0.01	0.434814263063
1285	mashec	100000	16	0.01	0.93168652698
1285	mash	100000	32	0.01	0.69174071201
1285	mashec	100000	32	0.01	0.928266970963
1285	mash	100000	64	0.01	0.52110459564
1285	mashec	100000	64	0.01	0.735075705117
1285	mash	100000	128	0.01	0.755094452562
1285	mashec	100000	128	0.01	0.816386681847
1285	mash	100000	32	0.2	0.863653156455
1285	mashec	100000	32	0.2	0.886081800743
1285	mash	100000	32	0.1	0.826054794368
1285	mashec	100000	32	0.1	0.950221491624
1285	mash	100000	32	0.05	0.834589946396
1285	mashec	100000	32	0.05	0.881340842382
1285	mash	100000	32	0.02	0.800887397019
1285	mashec	100000	32	0.02	0.894243557268
1285	mash	100000	32	0.005	0.35655929681
1285	mashec	100000	32	0.005	0.848512320805
1285	mash	100000	32	0.002	0.126032419608
1285	mashec	100000	32	0.002	0.855659722175
1285	mash	100000	32	0.001	-0.0210413369317
1285	mashec	100000	32	0.001	0.7834647078
9671	mash	100000	1	0.002	0.297020221133
9671	mashec	100000	1	0.002	0.214989632563
9671	mash	100000	2	0.002	0.253261116782
9671	mashec	100000	2	0.002	0.0569037485629
9671	mash	100000	4	0.002	0.562501648692
9671	mashec	100000	4	0.002	0.399427149635
9671	mash	100000	8	0.002	0.392980484039
9671	mashec	100000	8	0.002	0.532596523665
9671	mash	100000	16	0.002	0.127585919998
9671	mashec	100000	16	0.002	0.863312160507
9671	mash	100000	32	0.002	0.190437928677
9671	mashec	100000	32	0.002	0.89041297739
9671	mash	100000	64	0.002	0.268313549754
9671	mashec	100000	64	0.002	0.706649252212
9671	mash	100000	128	0.002	0.145279625939
9671	mashec	100000	128	0.002	0.374825325441
9671	mash	100000	8	0.2	0.939930220945
9671	mashec	100000	8	0.2	0.940285931967
9671	mash	100000	8	0.1	0.937362784105
9671	mashec	100000	8	0.1	0.941762636758
9671	mash	100000	8	0.05	0.911270763239
9671	mashec	100000	8	0.05	0.932992069732
9671	mash	100000	8	0.02	0.881701488521
9671	mashec	100000	8	0.02	0.93377389648
9671	mash	100000	8	0.005	0.699062792736
9671	mashec	100000	8	0.005	0.812606669948
9671	mash	100000	8	0.002	0.392980484039
9671	mashec	100000	8	0.002	0.532596523665
9671	mash	100000	8	0.001	0.101856348552
9671	mashec	100000	8	0.001	0.519553418308
9671	mash	100000	1	0.005	0.466428275055
9671	mashec	100000	1	0.005	0.23124032112
9671	mash	100000	2	0.005	0.514976922313
9671	mashec	100000	2	0.005	0.254894119396
9671	mash	100000	4	0.005	0.818905915877
9671	mashec	100000	4	0.005	0.550932488036
9671	mash	100000	8	0.005	0.699062792736
9671	mashec	100000	8	0.005	0.812606669948
9671	mash	100000	16	0.005	0.453730490038
9671	mashec	100000	16	0.005	0.914523058263
9671	mash	100000	32	0.005	0.313968794813
9671	mashec	100000	32	0.005	0.943466510777
9671	mash	100000	64	0.005	0.382083701775
9671	mashec	100000	64	0.005	0.876526913491
9671	mash	100000	128	0.005	0.353383920458
9671	mashec	100000	128	0.005	0.625233161247
9671	mash	100000	1	0.01	0.517457631281
9671	mashec	100000	1	0.01	0.236423112141
9671	mash	100000	2	0.01	0.818423482993
9671	mashec	100000	2	0.01	0.598387456353
9671	mash	100000	4	0.01	0.833038596919
9671	mashec	100000	4	0.01	0.627585828426
9671	mash	100000	8	0.01	0.873463156484
9671	mashec	100000	8	0.01	0.926866497161
9671	mash	100000	16	0.01	0.3498859486
9671	mashec	100000	16	0.01	0.950191866522
9671	mash	100000	32	0.01	0.636739861019
9671	mashec	100000	32	0.01	0.937444781438
9671	mash	100000	64	0.01	0.566957518195
9671	mashec	100000	64	0.01	0.908877872392
9671	mash	100000	128	0.01	0.726453119801
9671	mashec	100000	128	0.01	0.852649929058
9671	mash	100000	32	0.2	0.946697953733
9671	mashec	100000	32	0.2	0.936360332415
9671	mash	100000	32	0.1	0.906564065391
9671	mashec	100000	32	0.1	0.942088068652
9671	mash	100000	32	0.05	0.901958844287
9671	mashec	100000	32	0.05	0.941793869879
9671	mash	100000	32	0.02	0.843407659577
9671	mashec	100000	32	0.02	0.946424580309
9671	mash	100000	32	0.005	0.313968794813
9671	mashec	100000	32	0.005	0.943466510777
9671	mash	100000	32	0.002	0.190437928677
9671	mashec	100000	32	0.002	0.89041297739
9671	mash	100000	32	0.001	0.1476615303
9671	mashec	100000	32	0.001	0.85529129386
3176	mash	100000	1	0.002	0.228969610007
3176	mashec	100000	1	0.002	0.120853983925
3176	mash	100000	2	0.002	0.51477696908
3176	mashec	100000	2	0.002	0.279203870752
3176	mash	100000	4	0.002	0.654205815605
3176	mashec	100000	4	0.002	0.490013756542
3176	mash	100000	8	0.002	0.580382305899
3176	mashec	100000	8	0.002	0.607789084843
3176	mash	100000	16	0.002	0.327698857283
3176	mashec	100000	16	0.002	0.924655178366
3176	mash	100000	32	0.002	0.12680872766
3176	mashec	100000	32	0.002	0.881750732383
3176	mash	100000	64	0.002	0.245663017102
3176	mashec	100000	64	0.002	0.793401923114
3176	mash	100000	128	0.002	0.0900537505532
3176	mashec	100000	128	0.002	0.36023165718
3176	mash	100000	8	0.2	0.935459507773
3176	mashec	100000	8	0.2	0.936002236691
3176	mash	100000	8	0.1	0.951703268007
3176	mashec	100000	8	0.1	0.961430491774
3176	mash	100000	8	0.05	0.940053268329
3176	mashec	100000	8	0.05	0.943875283022
3176	mash	100000	8	0.02	0.906588694165
3176	mashec	100000	8	0.02	0.908015292161
3176	mash	100000	8	0.005	0.766555152209
3176	mashec	100000	8	0.005	0.867641135941
3176	mash	100000	8	0.002	0.580382305899
3176	mashec	100000	8	0.002	0.607789084843
3176	mash	100000	8	0.001	0.197928018515
3176	mashec	100000	8	0.001	0.57103510705
3176	mash	100000	1	0.005	0.591363549206
3176	mashec	100000	1	0.005	0.358666626839
3176	mash	100000	2	0.005	0.584430154883
3176	mashec	100000	2	0.005	0.315053293198
3176	mash	100000	4	0.005	0.790283693425
3176	mashec	100000	4	0.005	0.643585894556
3176	mash	100000	8	0.005	0.766555152209
3176	mashec	100000	8	0.005	0.867641135941
3176	mash	100000	16	0.005	0.480251221742
3176	mashec	100000	16	0.005	0.919034970801
3176	mash	100000	32	0.005	0.569208120853
3176	mashec	100000	32	0.005	0.929477202951
3176	mash	100000	64	0.005	0.461598742535
3176	mashec	100000	64	0.005	0.844101197555
3176	mash	100000	128	0.005	0.502030137592
3176	mashec	100000	128	0.005	0.73409303697
3176	mash	100000	1	0.01	0.78098984515
3176	mashec	100000	1	0.01	0.573640860907
3176	mash	100000	2	0.01	0.792786987062
3176	mashec	100000	2	0.01	0.571749725915
3176	mash	100000	4	0.01	0.861290954153
3176	mashec	100000	4	0.01	0.702382590723
3176	mash	100000	8	0.01	0.795803575369
3176	mashec	100000	8	0.01	0.710256062754
3176	mash	100000	16	0.01	0.669510752871
3176	mashec	100000	16	0.01	0.933983192316
3176	mash	100000	32	0.01	0.747541388668
3176	mashec	100000	32	0.01	0.949149454847
3176	mash	100000	64	0.01	0.731515450073
3176	mashec	100000	64	0.01	0.943263868395
3176	mash	100000	128	0.01	0.66760298528
3176	mashec	100000	128	0.01	0.843589017095
3176	mash	100000	32	0.2	0.941132932603
3176	mashec	100000	32	0.2	0.952549605352
3176	mash	100000	32	0.1	0.919283510693
3176	mashec	100000	32	0.1	0.97161307446
3176	mash	100000	32	0.05	0.897003883601
3176	mashec	100000	32	0.05	0.966461927863
3176	mash	100000	32	0.02	0.819969434124
3176	mashec	100000	32	0.02	0.959433248349
3176	mash	100000	32	0.005	0.569208120853
3176	mashec	100000	32	0.005	0.929477202951
3176	mash	100000	32	0.002	0.12680872766
3176	mashec	100000	32	0.002	0.881750732383
3176	mash	100000	32	0.001	0.0045217890487
3176	mashec	100000	32	0.001	0.723435579124
3562	mash	100000	1	0.002	0.106739896061
3562	mashec	100000	1	0.002	0.0218133274451
3562	mash	100000	2	0.002	0.213556052143
3562	mashec	100000	2	0.002	0.102381366883
3562	mash	100000	4	0.002	0.400147386129
3562	mashec	100000	4	0.002	0.199024307359
3562	mash	100000	8	0.002	0.281591628716
3562	mashec	100000	8	0.002	0.369809923922
3562	mash	100000	16	0.002	0.105399173354
3562	mashec	100000	16	0.002	0.888896268555
3562	mash	100000	32	0.002	0.159984053282
3562	mashec	100000	32	0.002	0.770011108159
3562	mash	100000	64	0.002	0.0976909375965
3562	mashec	100000	64	0.002	0.575151987991
3562	mash	100000	128	0.002	0.311412217872
3562	mashec	100000	128	0.002	0.417334519903
3562	mash	100000	8	0.2	0.885628317753
3562	mashec	100000	8	0.2	0.909678348975
3562	mash	100000	8	0.1	0.839152409329
3562	mashec	100000	8	0.1	0.894207821667
3562	mash	100000	8	0.05	0.825261229665
3562	mashec	100000	8	0.05	0.800507655198
3562	mash	100000	8	0.02	0.778414417944
3562	mashec	100000	8	0.02	0.852225693961
3562	mash	100000	8	0.005	0.614262190839
3562	mashec	100000	8	0.005	0.605322569366
3562	mash	100000	8	0.002	0.281591628716
3562	mashec	100000	8	0.002	0.369809923922
3562	mash	100000	8	0.001	0.0753608450759
3562	mashec	100000	8	0.001	0.285445129394
3562	mash	100000	1	0.005	0.268034271255
3562	mashec	100000	1	0.005	0.0939341353501
3562	mash	100000	2	0.005	0.397068972388
3562	mashec	100000	2	0.005	0.230456063923
3562	mash	100000	4	0.005	0.632518377081
3562	mashec	100000	4	0.005	0.34127636466
3562	mash	100000	8	0.005	0.614262190839
3562	mashec	100000	8	0.005	0.605322569366
3562	mash	100000	16	0.005	0.288488481708
3562	mashec	100000	16	0.005	0.831716063737
3562	mash	100000	32	0.005	0.274486914475
3562	mashec	100000	32	0.005	0.897437107116
3562	mash	100000	64	0.005	0.290188139612
3562	mashec	100000	64	0.005	0.752501741106
3562	mash	100000	128	0.005	0.353337270067
3562	mashec	100000	128	0.005	0.54118395924
3562	mash	100000	1	0.01	0.581438037636
3562	mashec	100000	1	0.01	0.381266662842
3562	mash	100000	2	0.01	0.627111444151
3562	mashec	100000	2	0.01	0.372091969997
3562	mash	100000	4	0.01	0.664186062568
3562	mashec	100000	4	0.01	0.493905498985
3562	mash	100000	8	0.01	0.700404859918
3562	mashec	100000	8	0.01	0.770882248096
3562	mash	100000	16	0.01	0.529486029013
3562	mashec	100000	16	0.01	0.92725329966
3562	mash	100000	32	0.01	0.387910373734
3562	mashec	100000	32	0.01	0.76148261219
3562	mash	100000	64	0.01	0.625127029101
3562	mashec	100000	64	0.01	0.861277825753
3562	mash	100000	128	0.01	0.417645804091
3562	mashec	100000	128	0.01	0.653798446131
3562	mash	100000	32	0.2	0.847400096967
3562	mashec	100000	32	0.2	0.891339460431
3562	mash	100000	32	0.1	0.849274654628
3562	mashec	100000	32	0.1	0.87200666837
3562	mash	100000	32	0.05	0.811191638034
3562	mashec	100000	32	0.05	0.891470165555
3562	mash	100000	32	0.02	0.575526663599
3562	mashec	100000	32	0.02	0.94338505615
3562	mash	100000	32	0.005	0.274486914475
3562	mashec	100000	32	0.005	0.897437107116
3562	mash	100000	32	0.002	0.159984053282
3562	mashec	100000	32	0.002	0.770011108159
3562	mash	100000	32	0.001	0.0106349316188
3562	mashec	100000	32	0.001	0.665675622063
7051	mash	100000	1	0.002	0.219731733396
7051	mashec	100000	1	0.002	0.0962661017275
7051	mash	100000	2	0.002	0.44741245997
7051	mashec	100000	2	0.002	0.20392651766
7051	mash	100000	4	0.002	0.524540049716
7051	mashec	100000	4	0.002	0.246344367809
7051	mash	100000	8	0.002	0.535196204631
7051	mashec	100000	8	0.002	0.556322239861
7051	mash	100000	16	0.002	0.297703548948
7051	mashec	100000	16	0.002	0.918012415147
7051	mash	100000	32	0.002	0.138551864904
7051	mashec	100000	32	0.002	0.848125085339
7051	mash	100000	64	0.002	0.167993669097
7051	mashec	100000	64	0.002	0.732390256615
7051	mash	100000	128	0.002	0.256405155531
7051	mashec	100000	128	0.002	0.439270468749
7051	mash	100000	8	0.2	0.917890021797
7051	mashec	100000	8	0.2	0.917355073541
7051	mash	100000	8	0.1	0.916560547124
7051	mashec	100000	8	0.1	0.942766299214
7051	mash	100000	8	0.05	0.919250346948
7051	mashec	100000	8	0.05	0.903183590677
7051	mash	100000	8	0.02	0.857689957897
7051	mashec	100000	8	0.02	0.930988597769
7051	mash	100000	8	0.005	0.746480643486
7051	mashec	100000	8	0.005	0.89860456035
7051	mash	100000	8	0.002	0.535196204631
7051	mashec	100000	8	0.002	0.556322239861
7051	mash	100000	8	0.001	0.230686773305
7051	mashec	100000	8	0.001	0.608609588045
7051	mash	100000	1	0.005	0.480830048385
7051	mashec	100000	1	0.005	0.248988877733
7051	mash	100000	2	0.005	0.67042122049
7051	mashec	100000	2	0.005	0.399312263822
7051	mash	100000	4	0.005	0.699472435072
7051	mashec	100000	4	0.005	0.533904817896
7051	mash	100000	8	0.005	0.746480643486
7051	mashec	100000	8	0.005	0.89860456035
7051	mash	100000	16	0.005	0.4892176083
7051	mashec	100000	16	0.005	0.932657122632
7051	mash	100000	32	0.005	0.532855827947
7051	mashec	100000	32	0.005	0.941178341565
7051	mash	100000	64	0.005	0.493396027225
7051	mashec	100000	64	0.005	0.816654097207
7051	mash	100000	128	0.005	0.414035871836
7051	mashec	100000	128	0.005	0.733618778847
7051	mash	100000	1	0.01	0.704792002897
7051	mashec	100000	1	0.01	0.501655560912
7051	mash	100000	2	0.01	0.765118958241
7051	mashec	100000	2	0.01	0.554782241362
7051	mash	100000	4	0.01	0.826908424398
7051	mashec	100000	4	0.01	0.630009989377
7051	mash	100000	8	0.01	0.789992198422
7051	mashec	100000	8	0.01	0.88891319971
7051	mash	100000	16	0.01	0.527618109156
7051	mashec	100000	16	0.01	0.95959811515
7051	mash	100000	32	0.01	0.592142056176
7051	mashec	100000	32	0.01	0.933199081013
7051	mash	100000	64	0.01	0.677994166905
7051	mashec	100000	64	0.01	0.857783002407
7051	mash	100000	128	0.01	0.699062203888
7051	mashec	100000	128	0.01	0.830497512381
7051	mash	100000	32	0.2	0.913588336886
7051	mashec	100000	32	0.2	0.915471419836
7051	mash	100000	32	0.1	0.909609449177
7051	mashec	100000	32	0.1	0.954961936614
7051	mash	100000	32	0.05	0.878161935292
7051	mashec	100000	32	0.05	0.931791626655
7051	mash	100000	32	0.02	0.825773339286
7051	mashec	100000	32	0.02	0.950392611776
7051	mash	100000	32	0.005	0.532855827947
7051	mashec	100000	32	0.005	0.941178341565
7051	mash	100000	32	0.002	0.138551864904
7051	mashec	100000	32	0.002	0.848125085339
7051	mash	100000	32	0.001	0.060563895878
7051	mashec	100000	32	0.001	0.606890791501
6731	mash	100000	1	0.002	0.126995531722
6731	mashec	100000	1	0.002	0.0097391605388
6731	mash	100000	2	0.002	0.441083430754
6731	mashec	100000	2	0.002	0.229463752367
6731	mash	100000	4	0.002	0.482278211787
6731	mashec	100000	4	0.002	0.208834007482
6731	mash	100000	8	0.002	0.130145806013
6731	mashec	100000	8	0.002	0.697826843991
6731	mash	100000	16	0.002	0.108465597547
6731	mashec	100000	16	0.002	0.872435703512
6731	mash	100000	32	0.002	0.225069733047
6731	mashec	100000	32	0.002	0.928567188907
6731	mash	100000	64	0.002	0.258268124202
6731	mashec	100000	64	0.002	0.734390527742
6731	mash	100000	128	0.002	0.0884930470285
6731	mashec	100000	128	0.002	0.372221977413
6731	mash	100000	8	0.2	0.955447490917
6731	mashec	100000	8	0.2	0.960299113089
6731	mash	100000	8	0.1	0.951325734432
6731	mashec	100000	8	0.1	0.96959344322
6731	mash	100000	8	0.05	0.883703414082
6731	mashec	100000	8	0.05	0.828198896399
6731	mash	100000	8	0.02	0.910475722706
6731	mashec	100000	8	0.02	0.966159051021
6731	mash	100000	8	0.005	0.620944650337
6731	mashec	100000	8	0.005	0.692268260507
6731	mash	100000	8	0.002	0.130145806013
6731	mashec	100000	8	0.002	0.697826843991
6731	mash	100000	8	0.001	0.170963339696
6731	mashec	100000	8	0.001	0.473116020048
6731	mash	100000	1	0.005	0.2816349663
6731	mashec	100000	1	0.005	0.079489832916
6731	mash	100000	2	0.005	0.685575962767
6731	mashec	100000	2	0.005	0.375831885877
6731	mash	100000	4	0.005	0.761998304503
6731	mashec	100000	4	0.005	0.469612571736
6731	mash	100000	8	0.005	0.620944650337
6731	mashec	100000	8	0.005	0.692268260507
6731	mash	100000	16	0.005	0.303583159236
6731	mashec	100000	16	0.005	0.967689795457
6731	mash	100000	32	0.005	0.250057060453
6731	mashec	100000	32	0.005	0.950300212228
6731	mash	100000	64	0.005	0.110553430091
6731	mashec	100000	64	0.005	0.764868425656
6731	mash	100000	128	0.005	0.232701658174
6731	mashec	100000	128	0.005	0.572347935959
6731	mash	100000	1	0.01	0.594234474879
6731	mashec	100000	1	0.01	0.321111053444
6731	mash	100000	2	0.01	0.764528780428
6731	mashec	100000	2	0.01	0.476507918095
6731	mash	100000	4	0.01	0.777091508989
6731	mashec	100000	4	0.01	0.518688131828
6731	mash	100000	8	0.01	0.866556348978
6731	mashec	100000	8	0.01	0.761764963319
6731	mash	100000	16	0.01	0.517721827683
6731	mashec	100000	16	0.01	0.959199554302
6731	mash	100000	32	0.01	0.582738014383
6731	mashec	100000	32	0.01	0.957520592066
6731	mash	100000	64	0.01	0.455004276532
6731	mashec	100000	64	0.01	0.939006708244
6731	mash	100000	128	0.01	0.536374161229
6731	mashec	100000	128	0.01	0.821398170718
6731	mash	100000	32	0.2	0.961020921153
6731	mashec	100000	32	0.2	0.962225956632
6731	mash	100000	32	0.1	0.928113148299
6731	mashec	100000	32	0.1	0.962988584219
6731	mash	100000	32	0.05	0.886650335612
6731	mashec	100000	32	0.05	0.960887699454
6731	mash	100000	32	0.02	0.772052289957
6731	mashec	100000	32	0.02	0.973993704275
6731	mash	100000	32	0.005	0.250057060453
6731	mashec	100000	32	0.005	0.950300212228
6731	mash	100000	32	0.002	0.225069733047
6731	mashec	100000	32	0.002	0.928567188907
6731	mash	100000	32	0.001	0.125553470638
6731	mashec	100000	32	0.001	0.832152610255
3544	mash	100000	1	0.002	0.193533351243
3544	mashec	100000	1	0.002	0.0574068753578
3544	mash	100000	2	0.002	0.495023191814
3544	mashec	100000	2	0.002	0.27693465901
3544	mash	100000	4	0.002	0.67663129007
3544	mashec	100000	4	0.002	0.544184840628
3544	mash	100000	8	0.002	0.656808714424
3544	mashec	100000	8	0.002	0.795674140446
3544	mash	100000	16	0.002	0.191413622885
3544	mashec	100000	16	0.002	0.819049042795
3544	mash	100000	32	0.002	0.197173834226
3544	mashec	100000	32	0.002	0.853007036726
3544	mash	100000	64	0.002	0.272237727571
3544	mashec	100000	64	0.002	0.779295377326
3544	mash	100000	128	0.002	0.242355961658
3544	mashec	100000	128	0.002	0.477155498801
3544	mash	100000	8	0.2	0.942542834005
3544	mashec	100000	8	0.2	0.934865264556
3544	mash	100000	8	0.1	0.864089964423
3544	mashec	100000	8	0.1	0.880428119081
3544	mash	100000	8	0.05	0.856382441778
3544	mashec	100000	8	0.05	0.921442202888
3544	mash	100000	8	0.02	0.85175903841
3544	mashec	100000	8	0.02	0.841156896167
3544	mash	100000	8	0.005	0.792318620704
3544	mashec	100000	8	0.005	0.756643612165
3544	mash	100000	8	0.002	0.656808714424
3544	mashec	100000	8	0.002	0.795674140446
3544	mash	100000	8	0.001	0.360831516039
3544	mashec	100000	8	0.001	0.66466432368
3544	mash	100000	1	0.005	0.67762225339
3544	mashec	100000	1	0.005	0.389569420447
3544	mash	100000	2	0.005	0.728916059319
3544	mashec	100000	2	0.005	0.4009795828
3544	mash	100000	4	0.005	0.715481070511
3544	mashec	100000	4	0.005	0.542935475808
3544	mash	100000	8	0.005	0.792318620704
3544	mashec	100000	8	0.005	0.756643612165
3544	mash	100000	16	0.005	0.29216844984
3544	mashec	100000	16	0.005	0.892163476636
3544	mash	100000	32	0.005	0.390268270591
3544	mashec	100000	32	0.005	0.873467113351
3544	mash	100000	64	0.005	0.513352385448
3544	mashec	100000	64	0.005	0.826408934181
3544	mash	100000	128	0.005	0.5129800711
3544	mashec	100000	128	0.005	0.759076921657
3544	mash	100000	1	0.01	0.680824502094
3544	mashec	100000	1	0.01	0.512131459792
3544	mash	100000	2	0.01	0.831556873973
3544	mashec	100000	2	0.01	0.704864473332
3544	mash	100000	4	0.01	0.86389880402
3544	mashec	100000	4	0.01	0.67343075856
3544	mash	100000	8	0.01	0.769157028469
3544	mashec	100000	8	0.01	0.835272321675
3544	mash	100000	16	0.01	0.482190359628
3544	mashec	100000	16	0.01	0.898894247562
3544	mash	100000	32	0.01	0.68529431429
3544	mashec	100000	32	0.01	0.881942259373
3544	mash	100000	64	0.01	0.607490713454
3544	mashec	100000	64	0.01	0.842893469512
3544	mash	100000	128	0.01	0.632355430092
3544	mashec	100000	128	0.01	0.817008341267
3544	mash	100000	32	0.2	0.899316396342
3544	mashec	100000	32	0.2	0.93764791785
3544	mash	100000	32	0.1	0.875827717598
3544	mashec	100000	32	0.1	0.844688081075
3544	mash	100000	32	0.05	0.84265440277
3544	mashec	100000	32	0.05	0.946729373305
3544	mash	100000	32	0.02	0.762253146086
3544	mashec	100000	32	0.02	0.910997307453
3544	mash	100000	32	0.005	0.390268270591
3544	mashec	100000	32	0.005	0.873467113351
3544	mash	100000	32	0.002	0.197173834226
3544	mashec	100000	32	0.002	0.853007036726
3544	mash	100000	32	0.001	0.127889630441
3544	mashec	100000	32	0.001	0.773389260933
2841	mash	100000	1	0.002	0.275847839422
2841	mashec	100000	1	0.002	0.151635499008
2841	mash	100000	2	0.002	0.327047953372
2841	mashec	100000	2	0.002	0.15612003458
2841	mash	100000	4	0.002	0.541001356109
2841	mashec	100000	4	0.002	0.16181614262
2841	mash	100000	8	0.002	0.324240202043
2841	mashec	100000	8	0.002	0.518195474784
2841	mash	100000	16	0.002	0.180177365029
2841	mashec	100000	16	0.002	0.904653700968
2841	mash	100000	32	0.002	0.0918936122874
2841	mashec	100000	32	0.002	0.857233778052
2841	mash	100000	64	0.002	0.18421808084
2841	mashec	100000	64	0.002	0.656894960206
2841	mash	100000	128	0.002	0.0860505049767
2841	mashec	100000	128	0.002	0.259016487758
2841	mash	100000	8	0.2	0.885163237039
2841	mashec	100000	8	0.2	0.918328102654
2841	mash	100000	8	0.1	0.898719066623
2841	mashec	100000	8	0.1	0.971847421202
2841	mash	100000	8	0.05	0.8818848712
2841	mashec	100000	8	0.05	0.884965493636
2841	mash	100000	8	0.02	0.837565536855
2841	mashec	100000	8	0.02	0.829416017608
2841	mash	100000	8	0.005	0.597549045448
2841	mashec	100000	8	0.005	0.714581685873
2841	mash	100000	8	0.002	0.324240202043
2841	mashec	100000	8	0.002	0.518195474784
2841	mash	100000	8	0.001	0.092469268418
2841	mashec	100000	8	0.001	0.591992037501
2841	mash	100000	1	0.005	0.477508106448
2841	mashec	100000	1	0.005	0.264111445423
2841	mash	100000	2	0.005	0.54892448915
2841	mashec	100000	2	0.005	0.299584348604
2841	mash	100000	4	0.005	0.771102542922
2841	mashec	100000	4	0.005	0.511735845598
2841	mash	100000	8	0.005	0.597549045448
2841	mashec	100000	8	0.005	0.714581685873
2841	mash	100000	16	0.005	0.359864819657
2841	mashec	100000	16	0.005	0.969592696989
2841	mash	100000	32	0.005	0.363975567722
2841	mashec	100000	32	0.005	0.91521714834
2841	mash	100000	64	0.005	0.405338320167
2841	mashec	100000	64	0.005	0.863525527437
2841	mash	100000	128	0.005	0.506804088652
2841	mashec	100000	128	0.005	0.742350312509
2841	mash	100000	1	0.01	0.640509072822
2841	mashec	100000	1	0.01	0.405916409121
2841	mash	100000	2	0.01	0.720983684636
2841	mashec	100000	2	0.01	0.426199587125
2841	mash	100000	4	0.01	0.853403570348
2841	mashec	100000	4	0.01	0.658742871146
2841	mash	100000	8	0.01	0.821577310526
2841	mashec	100000	8	0.01	0.853725165625
2841	mash	100000	16	0.01	0.451765003204
2841	mashec	100000	16	0.01	0.867533354136
2841	mash	100000	32	0.01	0.499360478233
2841	mashec	100000	32	0.01	0.797665089511
2841	mash	100000	64	0.01	0.713348335433
2841	mashec	100000	64	0.01	0.873712579875
2841	mash	100000	128	0.01	0.512035298316
2841	mashec	100000	128	0.01	0.823493361747
2841	mash	100000	32	0.2	0.885611671503
2841	mashec	100000	32	0.2	0.935222954752
2841	mash	100000	32	0.1	0.881411966097
2841	mashec	100000	32	0.1	0.977113883691
2841	mash	100000	32	0.05	0.860193320427
2841	mashec	100000	32	0.05	0.946207381337
2841	mash	100000	32	0.02	0.724353441108
2841	mashec	100000	32	0.02	0.929957590021
2841	mash	100000	32	0.005	0.363975567722
2841	mashec	100000	32	0.005	0.91521714834
2841	mash	100000	32	0.002	0.0918936122874
2841	mashec	100000	32	0.002	0.857233778052
2841	mash	100000	32	0.001	0.0999507544146
2841	mashec	100000	32	0.001	0.797131943738
7837	mash	100000	1	0.002	0.283978079833
7837	mashec	100000	1	0.002	0.181478474893
7837	mash	100000	2	0.002	0.333740105276
7837	mashec	100000	2	0.002	0.18074243146
7837	mash	100000	4	0.002	0.504168540304
7837	mashec	100000	4	0.002	0.303128143747
7837	mash	100000	8	0.002	0.383126787945
7837	mashec	100000	8	0.002	0.576694996852
7837	mash	100000	16	0.002	0.130295110568
7837	mashec	100000	16	0.002	0.844546870572
7837	mash	100000	32	0.002	0.130168530232
7837	mashec	100000	32	0.002	0.847345196907
7837	mash	100000	64	0.002	0.149622292424
7837	mashec	100000	64	0.002	0.608765215444
7837	mash	100000	128	0.002	0.0464306072444
7837	mashec	100000	128	0.002	0.250635733375
7837	mash	100000	8	0.2	0.94251598678
7837	mashec	100000	8	0.2	0.911635139759
7837	mash	100000	8	0.1	0.867676739056
7837	mashec	100000	8	0.1	0.906340665863
7837	mash	100000	8	0.05	0.847931584816
7837	mashec	100000	8	0.05	0.813564423459
7837	mash	100000	8	0.02	0.847418603308
7837	mashec	100000	8	0.02	0.868800520928
7837	mash	100000	8	0.005	0.678050233928
7837	mashec	100000	8	0.005	0.772355638707
7837	mash	100000	8	0.002	0.383126787945
7837	mashec	100000	8	0.002	0.576694996852
7837	mash	100000	8	0.001	0.123341087208
7837	mashec	100000	8	0.001	0.545875769742
7837	mash	100000	1	0.005	0.369492517761
7837	mashec	100000	1	0.005	0.191734244186
7837	mash	100000	2	0.005	0.65554761157
7837	mashec	100000	2	0.005	0.348944840922
7837	mash	100000	4	0.005	0.626180135133
7837	mashec	100000	4	0.005	0.408841178075
7837	mash	100000	8	0.005	0.678050233928
7837	mashec	100000	8	0.005	0.772355638707
7837	mash	100000	16	0.005	0.317838960867
7837	mashec	100000	16	0.005	0.856088867442
7837	mash	100000	32	0.005	0.307337536338
7837	mashec	100000	32	0.005	0.859695121215
7837	mash	100000	64	0.005	0.217049156958
7837	mashec	100000	64	0.005	0.771770235022
7837	mash	100000	128	0.005	0.32762834716
7837	mashec	100000	128	0.005	0.562915361106
7837	mash	100000	1	0.01	0.667039723934
7837	mashec	100000	1	0.01	0.44225455827
7837	mash	100000	2	0.01	0.614621113819
7837	mashec	100000	2	0.01	0.391008694855
7837	mash	100000	4	0.01	0.827831354777
7837	mashec	100000	4	0.01	0.661650661461
7837	mash	100000	8	0.01	0.765517356529
7837	mashec	100000	8	0.01	0.920258716402
7837	mash	100000	16	0.01	0.38953913598
7837	mashec	100000	16	0.01	0.883933279813
7837	mash	100000	32	0.01	0.468114583722
7837	mashec	100000	32	0.01	0.911815627776
7837	mash	100000	64	0.01	0.598624082805
7837	mashec	100000	64	0.01	0.863543831454
7837	mash	100000	128	0.01	0.667388451977
7837	mashec	100000	128	0.01	0.797671758137
7837	mash	100000	32	0.2	0.893923343623
7837	mashec	100000	32	0.2	0.927010889036
7837	mash	100000	32	0.1	0.862914607746
7837	mashec	100000	32	0.1	0.907722126057
7837	mash	100000	32	0.05	0.763230502084
7837	mashec	100000	32	0.05	0.901006643699
7837	mash	100000	32	0.02	0.702310429102
7837	mashec	100000	32	0.02	0.880698278169
7837	mash	100000	32	0.005	0.307337536338
7837	mashec	100000	32	0.005	0.859695121215
7837	mash	100000	32	0.002	0.130168530232
7837	mashec	100000	32	0.002	0.847345196907
7837	mash	100000	32	0.001	0.104582633844
7837	mashec	100000	32	0.001	0.783044001756
