7968	wip	1e8	1	0.01	0.718621639983
7968	ip	1e8	1	0.01	0.661374809196
7968	wip	1e7	1	0.01	0.71718560115
7968	ip	1e7	1	0.01	0.659208641344
7968	wip	1e8	2	0.01	0.832636428927
7968	ip	1e8	2	0.01	0.787908463627
7968	wip	1e7	2	0.01	0.832145463713
7968	ip	1e7	2	0.01	0.783709289838
7968	wip	1e8	4	0.01	0.880979795716
7968	ip	1e8	4	0.01	0.853426488981
7968	wip	1e7	4	0.01	0.879716924059
7968	ip	1e7	4	0.01	0.851690400946
7968	wip	1e8	8	0.01	0.901155614514
7968	ip	1e8	8	0.01	0.851994123969
7968	wip	1e7	8	0.01	0.900817966186
7968	ip	1e7	8	0.01	0.852121128773
7968	wip	1e8	16	0.01	0.92988584729
7968	ip	1e8	16	0.01	0.87702020968
7968	wip	1e7	16	0.01	0.930165225326
7968	ip	1e7	16	0.01	0.877230573752
7968	wip	1e8	32	0.01	0.926287455911
7968	ip	1e8	32	0.01	0.891889716751
7968	wip	1e7	32	0.01	0.926136549302
7968	ip	1e7	32	0.01	0.892354877088
7968	wip	1e8	64	0.01	0.924634501689
7968	ip	1e8	64	0.01	0.893851234775
7968	wip	1e7	64	0.01	0.927348410006
7968	ip	1e7	64	0.01	0.894264735316
7968	wip	1e8	128	0.01	0.917788533815
7968	ip	1e8	128	0.01	0.886266936146
7968	wip	1e7	128	0.01	0.931819419175
7968	ip	1e7	128	0.01	0.880709596464
7968	wip	1e8	16	0.2	0.801731078938
7968	ip	1e8	16	0.2	0.905510978952
7968	wip	1e7	16	0.2	0.803173981477
7968	ip	1e7	16	0.2	0.890251961925
7968	wip	1e8	16	0.1	0.761298119555
7968	ip	1e8	16	0.1	0.836071886685
7968	wip	1e7	16	0.1	0.753987855484
7968	ip	1e7	16	0.1	0.823611215614
7968	wip	1e8	16	0.05	0.775323853873
7968	ip	1e8	16	0.05	0.915416817058
7968	wip	1e7	16	0.05	0.783052990609
7968	ip	1e7	16	0.05	0.908679197263
7968	wip	1e8	16	0.02	0.756927286936
7968	ip	1e8	16	0.02	0.858180659409
7968	wip	1e7	16	0.02	0.758364464654
7968	ip	1e7	16	0.02	0.857013825607
7968	wip	1e8	16	0.005	0.818588130027
7968	ip	1e8	16	0.005	0.871829482029
7968	wip	1e7	16	0.005	0.818437957814
7968	ip	1e7	16	0.005	0.871282656453
7968	wip	1e8	16	0.002	0.918818090639
7968	ip	1e8	16	0.002	0.761430497036
7968	wip	1e7	16	0.002	0.917100649513
7968	ip	1e7	16	0.002	0.761160838603
7968	wip	1e8	16	0.001	0.846214753991
7968	ip	1e8	16	0.001	0.450485107264
7968	wip	1e7	16	0.001	0.843931879275
7968	ip	1e7	16	0.001	0.44883276002
8224	wip	1e8	1	0.01	0.695517574337
8224	ip	1e8	1	0.01	0.686660175853
8224	wip	1e7	1	0.01	0.694020205711
8224	ip	1e7	1	0.01	0.684705077656
8224	wip	1e8	2	0.01	0.801842440076
8224	ip	1e8	2	0.01	0.733787534392
8224	wip	1e7	2	0.01	0.801195171575
8224	ip	1e7	2	0.01	0.718023897457
8224	wip	1e8	4	0.01	0.877610753599
8224	ip	1e8	4	0.01	0.840292101427
8224	wip	1e7	4	0.01	0.878157459751
8224	ip	1e7	4	0.01	0.83961706581
8224	wip	1e8	8	0.01	0.901518592373
8224	ip	1e8	8	0.01	0.835781614692
8224	wip	1e7	8	0.01	0.902777844592
8224	ip	1e7	8	0.01	0.834373477461
8224	wip	1e8	16	0.01	0.9117831948
8224	ip	1e8	16	0.01	0.872307083973
8224	wip	1e7	16	0.01	0.912732884355
8224	ip	1e7	16	0.01	0.872222635243
8224	wip	1e8	32	0.01	0.920273463852
8224	ip	1e8	32	0.01	0.925235479762
8224	wip	1e7	32	0.01	0.920561984577
8224	ip	1e7	32	0.01	0.924860716677
8224	wip	1e8	64	0.01	0.922698870663
8224	ip	1e8	64	0.01	0.934171793959
8224	wip	1e7	64	0.01	0.92686779001
8224	ip	1e7	64	0.01	0.934654032236
8224	wip	1e8	128	0.01	0.926836132158
8224	ip	1e8	128	0.01	0.95566799108
8224	wip	1e7	128	0.01	0.930006273342
8224	ip	1e7	128	0.01	0.950548181618
8224	wip	1e8	16	0.2	0.931839537751
8224	ip	1e8	16	0.2	0.952520017331
8224	wip	1e7	16	0.2	0.928640962044
8224	ip	1e7	16	0.2	0.947809920624
8224	wip	1e8	16	0.1	0.950064174809
8224	ip	1e8	16	0.1	0.949598716433
8224	wip	1e7	16	0.1	0.950478537079
8224	ip	1e7	16	0.1	0.951649756655
8224	wip	1e8	16	0.05	0.91538274725
8224	ip	1e8	16	0.05	0.935831605441
8224	wip	1e7	16	0.05	0.914940271141
8224	ip	1e7	16	0.05	0.931655574606
8224	wip	1e8	16	0.02	0.954741322469
8224	ip	1e8	16	0.02	0.9034290342
8224	wip	1e7	16	0.02	0.955523380232
8224	ip	1e7	16	0.02	0.903757420069
8224	wip	1e8	16	0.005	0.899321238196
8224	ip	1e8	16	0.005	0.83710911298
8224	wip	1e7	16	0.005	0.898396485707
8224	ip	1e7	16	0.005	0.829951554217
8224	wip	1e8	16	0.002	0.90749234644
8224	ip	1e8	16	0.002	0.733741844
8224	wip	1e7	16	0.002	0.906664364524
8224	ip	1e7	16	0.002	0.733719161355
8224	wip	1e8	16	0.001	0.90947272379
8224	ip	1e8	16	0.001	0.660219741397
8224	wip	1e7	16	0.001	0.904535155011
8224	ip	1e7	16	0.001	0.659936308434
9636	wip	1e8	1	0.01	0.787712491349
9636	ip	1e8	1	0.01	0.746754243832
9636	wip	1e7	1	0.01	0.781824700067
9636	ip	1e7	1	0.01	0.740874759903
9636	wip	1e8	2	0.01	0.904124973905
9636	ip	1e8	2	0.01	0.871034950382
9636	wip	1e7	2	0.01	0.901803500467
9636	ip	1e7	2	0.01	0.868304641438
9636	wip	1e8	4	0.01	0.879441493287
9636	ip	1e8	4	0.01	0.770209483687
9636	wip	1e7	4	0.01	0.87360050936
9636	ip	1e7	4	0.01	0.765216075725
9636	wip	1e8	8	0.01	0.925051003566
9636	ip	1e8	8	0.01	0.886933012492
9636	wip	1e7	8	0.01	0.924515471452
9636	ip	1e7	8	0.01	0.883531896231
9636	wip	1e8	16	0.01	0.939602311795
9636	ip	1e8	16	0.01	0.934530234424
9636	wip	1e7	16	0.01	0.939966475847
9636	ip	1e7	16	0.01	0.934470810273
9636	wip	1e8	32	0.01	0.93733035762
9636	ip	1e8	32	0.01	0.937866905996
9636	wip	1e7	32	0.01	0.937959401701
9636	ip	1e7	32	0.01	0.937581516692
9636	wip	1e8	64	0.01	0.938889063662
9636	ip	1e8	64	0.01	0.94445262507
9636	wip	1e7	64	0.01	0.939416301271
9636	ip	1e7	64	0.01	0.944328745462
9636	wip	1e8	128	0.01	0.937614887393
9636	ip	1e8	128	0.01	0.94449354693
9636	wip	1e7	128	0.01	0.920709335007
9636	ip	1e7	128	0.01	0.941615899851
9636	wip	1e8	16	0.2	0.961684751507
9636	ip	1e8	16	0.2	0.909768882639
9636	wip	1e7	16	0.2	0.950406967038
9636	ip	1e7	16	0.2	0.911166997871
9636	wip	1e8	16	0.1	0.915231725798
9636	ip	1e8	16	0.1	0.93757255449
9636	wip	1e7	16	0.1	0.910466373622
9636	ip	1e7	16	0.1	0.929812145599
9636	wip	1e8	16	0.05	0.868862842654
9636	ip	1e8	16	0.05	0.92611528671
9636	wip	1e7	16	0.05	0.868169011809
9636	ip	1e7	16	0.05	0.924671252269
9636	wip	1e8	16	0.02	0.957586758251
9636	ip	1e8	16	0.02	0.95055240275
9636	wip	1e7	16	0.02	0.95906237398
9636	ip	1e7	16	0.02	0.951361748395
9636	wip	1e8	16	0.005	0.906542785766
9636	ip	1e8	16	0.005	0.899495348283
9636	wip	1e7	16	0.005	0.90641371933
9636	ip	1e7	16	0.005	0.898580584419
9636	wip	1e8	16	0.002	0.77839574125
9636	ip	1e8	16	0.002	0.727678367745
9636	wip	1e7	16	0.002	0.77981141274
9636	ip	1e7	16	0.002	0.7271272424
9636	wip	1e8	16	0.001	0.923088818727
9636	ip	1e8	16	0.001	0.456138711499
9636	wip	1e7	16	0.001	0.922530932451
9636	ip	1e7	16	0.001	0.454201828857
2597	wip	1e8	1	0.01	0.806230395726
2597	ip	1e8	1	0.01	0.754366287173
2597	wip	1e7	1	0.01	0.804712303545
2597	ip	1e7	1	0.01	0.750043353518
2597	wip	1e8	2	0.01	0.82512651766
2597	ip	1e8	2	0.01	0.710144617781
2597	wip	1e7	2	0.01	0.818730895528
2597	ip	1e7	2	0.01	0.701278540485
2597	wip	1e8	4	0.01	0.879325929926
2597	ip	1e8	4	0.01	0.863250526469
2597	wip	1e7	4	0.01	0.879902988272
2597	ip	1e7	4	0.01	0.861415995458
2597	wip	1e8	8	0.01	0.842323368668
2597	ip	1e8	8	0.01	0.827809629815
2597	wip	1e7	8	0.01	0.843633517726
2597	ip	1e7	8	0.01	0.823959749818
2597	wip	1e8	16	0.01	0.886615478375
2597	ip	1e8	16	0.01	0.880922853794
2597	wip	1e7	16	0.01	0.884733319458
2597	ip	1e7	16	0.01	0.879642800587
2597	wip	1e8	32	0.01	0.867460244215
2597	ip	1e8	32	0.01	0.890443589266
2597	wip	1e7	32	0.01	0.855066922187
2597	ip	1e7	32	0.01	0.887784519893
2597	wip	1e8	64	0.01	0.884631835202
2597	ip	1e8	64	0.01	0.908618444624
2597	wip	1e7	64	0.01	0.88121012474
2597	ip	1e7	64	0.01	0.907057238266
2597	wip	1e8	128	0.01	0.87662297943
2597	ip	1e8	128	0.01	0.904165259553
2597	wip	1e7	128	0.01	0.861393228489
2597	ip	1e7	128	0.01	0.899086368047
2597	wip	1e8	16	0.2	0.878301402478
2597	ip	1e8	16	0.2	0.893324329778
2597	wip	1e7	16	0.2	0.872568000634
2597	ip	1e7	16	0.2	0.87975496855
2597	wip	1e8	16	0.1	0.829861437628
2597	ip	1e8	16	0.1	0.871766514797
2597	wip	1e7	16	0.1	0.829412865945
2597	ip	1e7	16	0.1	0.87466063112
2597	wip	1e8	16	0.05	0.924998803855
2597	ip	1e8	16	0.05	0.91201234213
2597	wip	1e7	16	0.05	0.929015117109
2597	ip	1e7	16	0.05	0.914168610355
2597	wip	1e8	16	0.02	0.890927703775
2597	ip	1e8	16	0.02	0.908610438973
2597	wip	1e7	16	0.02	0.893525729224
2597	ip	1e7	16	0.02	0.907703779343
2597	wip	1e8	16	0.005	0.880922848726
2597	ip	1e8	16	0.005	0.863392010123
2597	wip	1e7	16	0.005	0.879592332349
2597	ip	1e7	16	0.005	0.862882315098
2597	wip	1e8	16	0.002	0.856973724839
2597	ip	1e8	16	0.002	0.802312897552
2597	wip	1e7	16	0.002	0.855389907753
2597	ip	1e7	16	0.002	0.8021721633
2597	wip	1e8	16	0.001	0.854226257456
2597	ip	1e8	16	0.001	0.439855195464
2597	wip	1e7	16	0.001	0.850643169069
2597	ip	1e7	16	0.001	0.437964442873
647	wip	1e8	1	0.01	0.689970935671
647	ip	1e8	1	0.01	0.663434124047
647	wip	1e7	1	0.01	0.68900355154
647	ip	1e7	1	0.01	0.661846701846
647	wip	1e8	2	0.01	0.764065185091
647	ip	1e8	2	0.01	0.761928352121
647	wip	1e7	2	0.01	0.76329426784
647	ip	1e7	2	0.01	0.756857928678
647	wip	1e8	4	0.01	0.713090087953
647	ip	1e8	4	0.01	0.711880444237
647	wip	1e7	4	0.01	0.709614555401
647	ip	1e7	4	0.01	0.704155843706
647	wip	1e8	8	0.01	0.829089349096
647	ip	1e8	8	0.01	0.925651273916
647	wip	1e7	8	0.01	0.836283674366
647	ip	1e7	8	0.01	0.925367571873
647	wip	1e8	16	0.01	0.780532325106
647	ip	1e8	16	0.01	0.741812020058
647	wip	1e7	16	0.01	0.783012565594
647	ip	1e7	16	0.01	0.735695145285
647	wip	1e8	32	0.01	0.804903341791
647	ip	1e8	32	0.01	0.827867175624
647	wip	1e7	32	0.01	0.813222744981
647	ip	1e7	32	0.01	0.823635534268
647	wip	1e8	64	0.01	0.832356170023
647	ip	1e8	64	0.01	0.961041333659
647	wip	1e7	64	0.01	0.860493041903
647	ip	1e7	64	0.01	0.960721968368
647	wip	1e8	128	0.01	0.830404199256
647	ip	1e8	128	0.01	0.960268640305
647	wip	1e7	128	0.01	0.849758957656
647	ip	1e7	128	0.01	0.956664506333
647	wip	1e8	16	0.2	0.928648204755
647	ip	1e8	16	0.2	0.913386283669
647	wip	1e7	16	0.2	0.809188423661
647	ip	1e7	16	0.2	0.867367986438
647	wip	1e8	16	0.1	0.938084746072
647	ip	1e8	16	0.1	0.941910556921
647	wip	1e7	16	0.1	0.916825926295
647	ip	1e7	16	0.1	0.933900669452
647	wip	1e8	16	0.05	0.793903041702
647	ip	1e8	16	0.05	0.946603233172
647	wip	1e7	16	0.05	0.795851000257
647	ip	1e7	16	0.05	0.94351050821
647	wip	1e8	16	0.02	0.842550919119
647	ip	1e8	16	0.02	0.931815390394
647	wip	1e7	16	0.02	0.849574435257
647	ip	1e7	16	0.02	0.929382933556
647	wip	1e8	16	0.005	0.720885010773
647	ip	1e8	16	0.005	0.718531663551
647	wip	1e7	16	0.005	0.72373042037
647	ip	1e7	16	0.005	0.717027638153
647	wip	1e8	16	0.002	0.675969797535
647	ip	1e8	16	0.002	0.445515974967
647	wip	1e7	16	0.002	0.667709874699
647	ip	1e7	16	0.002	0.444334209195
647	wip	1e8	16	0.001	0.771343079784
647	ip	1e8	16	0.001	0.576069583069
647	wip	1e7	16	0.001	0.774551870966
647	ip	1e7	16	0.001	0.575251604201
8681	wip	1e8	1	0.01	0.751068312322
8681	ip	1e8	1	0.01	0.749011707531
8681	wip	1e7	1	0.01	0.74703990318
8681	ip	1e7	1	0.01	0.743011917136
8681	wip	1e8	2	0.01	0.795687011335
8681	ip	1e8	2	0.01	0.846508311622
8681	wip	1e7	2	0.01	0.798677411911
8681	ip	1e7	2	0.01	0.844298989248
8681	wip	1e8	4	0.01	0.772631364624
8681	ip	1e8	4	0.01	0.839607990968
8681	wip	1e7	4	0.01	0.773732888668
8681	ip	1e7	4	0.01	0.834264329588
8681	wip	1e8	8	0.01	0.784231470309
8681	ip	1e8	8	0.01	0.881796285762
8681	wip	1e7	8	0.01	0.784222806734
8681	ip	1e7	8	0.01	0.879939063755
8681	wip	1e8	16	0.01	0.804670859301
8681	ip	1e8	16	0.01	0.925902500327
8681	wip	1e7	16	0.01	0.804058687816
8681	ip	1e7	16	0.01	0.924167224954
8681	wip	1e8	32	0.01	0.798794446402
8681	ip	1e8	32	0.01	0.949023187425
8681	wip	1e7	32	0.01	0.796766864986
8681	ip	1e7	32	0.01	0.94722295694
8681	wip	1e8	64	0.01	0.800431536611
8681	ip	1e8	64	0.01	0.946313593214
8681	wip	1e7	64	0.01	0.788760564953
8681	ip	1e7	64	0.01	0.944353802191
8681	wip	1e8	128	0.01	0.804216291486
8681	ip	1e8	128	0.01	0.960437221699
8681	wip	1e7	128	0.01	0.81406838837
8681	ip	1e7	128	0.01	0.952878479058
8681	wip	1e8	16	0.2	0.813904278343
8681	ip	1e8	16	0.2	0.926041906161
8681	wip	1e7	16	0.2	0.779320172915
8681	ip	1e7	16	0.2	0.876419647465
8681	wip	1e8	16	0.1	0.799479783734
8681	ip	1e8	16	0.1	0.951520139557
8681	wip	1e7	16	0.1	0.7830562782
8681	ip	1e7	16	0.1	0.942233385444
8681	wip	1e8	16	0.05	0.772717427833
8681	ip	1e8	16	0.05	0.951005642951
8681	wip	1e7	16	0.05	0.774837477538
8681	ip	1e7	16	0.05	0.950917466725
8681	wip	1e8	16	0.02	0.798015630758
8681	ip	1e8	16	0.02	0.957881267046
8681	wip	1e7	16	0.02	0.79803310766
8681	ip	1e7	16	0.02	0.956705371211
8681	wip	1e8	16	0.005	0.812535089051
8681	ip	1e8	16	0.005	0.872775203333
8681	wip	1e7	16	0.005	0.812813528468
8681	ip	1e7	16	0.005	0.871984700858
8681	wip	1e8	16	0.002	0.780860822898
8681	ip	1e8	16	0.002	0.803782149473
8681	wip	1e7	16	0.002	0.78070561151
8681	ip	1e7	16	0.002	0.80221188991
8681	wip	1e8	16	0.001	0.710625093639
8681	ip	1e8	16	0.001	0.454486014249
8681	wip	1e7	16	0.001	0.700630229158
8681	ip	1e7	16	0.001	0.453238005198
2314	wip	1e8	1	0.01	0.702551997087
2314	ip	1e8	1	0.01	0.610902484438
2314	wip	1e7	1	0.01	0.693413643781
2314	ip	1e7	1	0.01	0.603601032878
2314	wip	1e8	2	0.01	0.886531510002
2314	ip	1e8	2	0.01	0.830090754216
2314	wip	1e7	2	0.01	0.88444156235
2314	ip	1e7	2	0.01	0.82534011817
2314	wip	1e8	4	0.01	0.901049627681
2314	ip	1e8	4	0.01	0.828018281951
2314	wip	1e7	4	0.01	0.900059811234
2314	ip	1e7	4	0.01	0.826189680777
2314	wip	1e8	8	0.01	0.940738658039
2314	ip	1e8	8	0.01	0.859775633423
2314	wip	1e7	8	0.01	0.941038207228
2314	ip	1e7	8	0.01	0.859122204115
2314	wip	1e8	16	0.01	0.953179581667
2314	ip	1e8	16	0.01	0.873662255714
2314	wip	1e7	16	0.01	0.954532617516
2314	ip	1e7	16	0.01	0.873991989306
2314	wip	1e8	32	0.01	0.952098886383
2314	ip	1e8	32	0.01	0.885291818029
2314	wip	1e7	32	0.01	0.948655607696
2314	ip	1e7	32	0.01	0.883916300619
2314	wip	1e8	64	0.01	0.957567603254
2314	ip	1e8	64	0.01	0.89602367973
2314	wip	1e7	64	0.01	0.948767550358
2314	ip	1e7	64	0.01	0.893506342438
2314	wip	1e8	128	0.01	0.961570863737
2314	ip	1e8	128	0.01	0.924489885798
2314	wip	1e7	128	0.01	0.964752499155
2314	ip	1e7	128	0.01	0.91358230191
2314	wip	1e8	16	0.2	0.919611705401
2314	ip	1e8	16	0.2	0.829294652841
2314	wip	1e7	16	0.2	0.904808928464
2314	ip	1e7	16	0.2	0.825131865678
2314	wip	1e8	16	0.1	0.876985381595
2314	ip	1e8	16	0.1	0.814082031747
2314	wip	1e7	16	0.1	0.878520529137
2314	ip	1e7	16	0.1	0.830570159803
2314	wip	1e8	16	0.05	0.890393736409
2314	ip	1e8	16	0.05	0.911789141264
2314	wip	1e7	16	0.05	0.891787128059
2314	ip	1e7	16	0.05	0.906105703481
2314	wip	1e8	16	0.02	0.863522903301
2314	ip	1e8	16	0.02	0.853279916898
2314	wip	1e7	16	0.02	0.863724731924
2314	ip	1e7	16	0.02	0.853858278783
2314	wip	1e8	16	0.005	0.86006943739
2314	ip	1e8	16	0.005	0.903073168103
2314	wip	1e7	16	0.005	0.861406002532
2314	ip	1e7	16	0.005	0.903435825596
2314	wip	1e8	16	0.002	0.839525800018
2314	ip	1e8	16	0.002	0.602738928598
2314	wip	1e7	16	0.002	0.836007296885
2314	ip	1e7	16	0.002	0.601028633754
2314	wip	1e8	16	0.001	0.838041508287
2314	ip	1e8	16	0.001	0.513532250059
2314	wip	1e7	16	0.001	0.836158421124
2314	ip	1e7	16	0.001	0.511915174732
9580	wip	1e8	1	0.01	0.776685765995
9580	ip	1e8	1	0.01	0.776474146927
9580	wip	1e7	1	0.01	0.776995744685
9580	ip	1e7	1	0.01	0.775379252025
9580	wip	1e8	2	0.01	0.809235518219
9580	ip	1e8	2	0.01	0.819217918145
9580	wip	1e7	2	0.01	0.809872844979
9580	ip	1e7	2	0.01	0.818358592532
9580	wip	1e8	4	0.01	0.828628337661
9580	ip	1e8	4	0.01	0.813335932653
9580	wip	1e7	4	0.01	0.830163470481
9580	ip	1e7	4	0.01	0.807676123091
9580	wip	1e8	8	0.01	0.823379328529
9580	ip	1e8	8	0.01	0.853205779861
9580	wip	1e7	8	0.01	0.826672881478
9580	ip	1e7	8	0.01	0.853853838393
9580	wip	1e8	16	0.01	0.81429307495
9580	ip	1e8	16	0.01	0.884840551666
9580	wip	1e7	16	0.01	0.816620116028
9580	ip	1e7	16	0.01	0.88554670883
9580	wip	1e8	32	0.01	0.791296026689
9580	ip	1e8	32	0.01	0.875835496268
9580	wip	1e7	32	0.01	0.792442686979
9580	ip	1e7	32	0.01	0.875335282057
9580	wip	1e8	64	0.01	0.791514850943
9580	ip	1e8	64	0.01	0.868376753326
9580	wip	1e7	64	0.01	0.788682421163
9580	ip	1e7	64	0.01	0.869083600471
9580	wip	1e8	128	0.01	0.792152469852
9580	ip	1e8	128	0.01	0.908529144451
9580	wip	1e7	128	0.01	0.78436961842
9580	ip	1e7	128	0.01	0.901352046403
9580	wip	1e8	16	0.2	0.967172945963
9580	ip	1e8	16	0.2	0.867778835078
9580	wip	1e7	16	0.2	0.962956010949
9580	ip	1e7	16	0.2	0.873603161722
9580	wip	1e8	16	0.1	0.79829968246
9580	ip	1e8	16	0.1	0.870374616187
9580	wip	1e7	16	0.1	0.792706537695
9580	ip	1e7	16	0.1	0.863848453411
9580	wip	1e8	16	0.05	0.880373978295
9580	ip	1e8	16	0.05	0.856598706106
9580	wip	1e7	16	0.05	0.87637667187
9580	ip	1e7	16	0.05	0.84777181636
9580	wip	1e8	16	0.02	0.846175897294
9580	ip	1e8	16	0.02	0.865121818815
9580	wip	1e7	16	0.02	0.846957415514
9580	ip	1e7	16	0.02	0.864914793922
9580	wip	1e8	16	0.005	0.895478549601
9580	ip	1e8	16	0.005	0.791246688007
9580	wip	1e7	16	0.005	0.893180313705
9580	ip	1e7	16	0.005	0.79050294375
9580	wip	1e8	16	0.002	0.864220161128
9580	ip	1e8	16	0.002	0.709425325081
9580	wip	1e7	16	0.002	0.859501500509
9580	ip	1e7	16	0.002	0.708320580109
9580	wip	1e8	16	0.001	0.689457098963
9580	ip	1e8	16	0.001	0.459143081452
9580	wip	1e7	16	0.001	0.673439671733
9580	ip	1e7	16	0.001	0.457761582814
7438	wip	1e8	1	0.01	0.719201974036
7438	ip	1e8	1	0.01	0.69842837409
7438	wip	1e7	1	0.01	0.714905197429
7438	ip	1e7	1	0.01	0.693500890297
7438	wip	1e8	2	0.01	0.748246888215
7438	ip	1e8	2	0.01	0.7274951301
7438	wip	1e7	2	0.01	0.747346149893
7438	ip	1e7	2	0.01	0.720024492862
7438	wip	1e8	4	0.01	0.893500230838
7438	ip	1e8	4	0.01	0.832829544741
7438	wip	1e7	4	0.01	0.893627900156
7438	ip	1e7	4	0.01	0.830516589677
7438	wip	1e8	8	0.01	0.968878863751
7438	ip	1e8	8	0.01	0.920600790095
7438	wip	1e7	8	0.01	0.969571937122
7438	ip	1e7	8	0.01	0.919999195782
7438	wip	1e8	16	0.01	0.962874666381
7438	ip	1e8	16	0.01	0.925744696515
7438	wip	1e7	16	0.01	0.962586169356
7438	ip	1e7	16	0.01	0.925442517478
7438	wip	1e8	32	0.01	0.980450937858
7438	ip	1e8	32	0.01	0.951201700553
7438	wip	1e7	32	0.01	0.978886610417
7438	ip	1e7	32	0.01	0.951019392845
7438	wip	1e8	64	0.01	0.981467042115
7438	ip	1e8	64	0.01	0.958948227156
7438	wip	1e7	64	0.01	0.983110142736
7438	ip	1e7	64	0.01	0.958792526959
7438	wip	1e8	128	0.01	0.983264285491
7438	ip	1e8	128	0.01	0.974502657905
7438	wip	1e7	128	0.01	0.982855546139
7438	ip	1e7	128	0.01	0.969413871749
7438	wip	1e8	16	0.2	0.966037740897
7438	ip	1e8	16	0.2	0.963488414288
7438	wip	1e7	16	0.2	0.962912720066
7438	ip	1e7	16	0.2	0.959896242151
7438	wip	1e8	16	0.1	0.961693263159
7438	ip	1e8	16	0.1	0.970124907569
7438	wip	1e7	16	0.1	0.963279057918
7438	ip	1e7	16	0.1	0.968494992041
7438	wip	1e8	16	0.05	0.98160944032
7438	ip	1e8	16	0.05	0.966857468349
7438	wip	1e7	16	0.05	0.979746450279
7438	ip	1e7	16	0.05	0.966358328144
7438	wip	1e8	16	0.02	0.948660178554
7438	ip	1e8	16	0.02	0.961052680226
7438	wip	1e7	16	0.02	0.949788520382
7438	ip	1e7	16	0.02	0.961226776733
7438	wip	1e8	16	0.005	0.959989236157
7438	ip	1e8	16	0.005	0.876018009735
7438	wip	1e7	16	0.005	0.960174126029
7438	ip	1e7	16	0.005	0.875225482689
7438	wip	1e8	16	0.002	0.929927928527
7438	ip	1e8	16	0.002	0.77712607696
7438	wip	1e7	16	0.002	0.928083111799
7438	ip	1e7	16	0.002	0.776582040935
7438	wip	1e8	16	0.001	0.949606888871
7438	ip	1e8	16	0.001	0.736663584586
7438	wip	1e7	16	0.001	0.94746381095
7438	ip	1e7	16	0.001	0.736253145573
3086	wip	1e8	1	0.01	0.652059178282
3086	ip	1e8	1	0.01	0.58387138588
3086	wip	1e7	1	0.01	0.649078659947
3086	ip	1e7	1	0.01	0.581753697384
3086	wip	1e8	2	0.01	0.74029522018
3086	ip	1e8	2	0.01	0.677543245421
3086	wip	1e7	2	0.01	0.736945669394
3086	ip	1e7	2	0.01	0.671774266808
3086	wip	1e8	4	0.01	0.802942631967
3086	ip	1e8	4	0.01	0.74757450447
3086	wip	1e7	4	0.01	0.802981512417
3086	ip	1e7	4	0.01	0.744818438429
3086	wip	1e8	8	0.01	0.846442119764
3086	ip	1e8	8	0.01	0.805368556028
3086	wip	1e7	8	0.01	0.848057777832
3086	ip	1e7	8	0.01	0.800237426276
3086	wip	1e8	16	0.01	0.833217552166
3086	ip	1e8	16	0.01	0.773657238493
3086	wip	1e7	16	0.01	0.830187243116
3086	ip	1e7	16	0.01	0.772831244928
3086	wip	1e8	32	0.01	0.873240589516
3086	ip	1e8	32	0.01	0.893213229597
3086	wip	1e7	32	0.01	0.871618334026
3086	ip	1e7	32	0.01	0.893008567224
3086	wip	1e8	64	0.01	0.874144093435
3086	ip	1e8	64	0.01	0.916110132013
3086	wip	1e7	64	0.01	0.869685163649
3086	ip	1e7	64	0.01	0.916031983069
3086	wip	1e8	128	0.01	0.885596632561
3086	ip	1e8	128	0.01	0.949090923166
3086	wip	1e7	128	0.01	0.903023178664
3086	ip	1e7	128	0.01	0.946603887184
3086	wip	1e8	16	0.2	0.866443946145
3086	ip	1e8	16	0.2	0.852669966397
3086	wip	1e7	16	0.2	0.888880913748
3086	ip	1e7	16	0.2	0.880885596414
3086	wip	1e8	16	0.1	0.849806387538
3086	ip	1e8	16	0.1	0.917393929837
3086	wip	1e7	16	0.1	0.859945544065
3086	ip	1e7	16	0.1	0.918673162729
3086	wip	1e8	16	0.05	0.941272263057
3086	ip	1e8	16	0.05	0.882208111291
3086	wip	1e7	16	0.05	0.943349973235
3086	ip	1e7	16	0.05	0.882044656
3086	wip	1e8	16	0.02	0.868334000229
3086	ip	1e8	16	0.02	0.880018704718
3086	wip	1e7	16	0.02	0.866430988916
3086	ip	1e7	16	0.02	0.876802548496
3086	wip	1e8	16	0.005	0.823305741522
3086	ip	1e8	16	0.005	0.809029859061
3086	wip	1e7	16	0.005	0.825909251295
3086	ip	1e7	16	0.005	0.807987673494
3086	wip	1e8	16	0.002	0.863922976447
3086	ip	1e8	16	0.002	0.684101513283
3086	wip	1e7	16	0.002	0.868556446211
3086	ip	1e7	16	0.002	0.682270028097
3086	wip	1e8	16	0.001	0.823251985474
3086	ip	1e8	16	0.001	0.323544140461
3086	wip	1e7	16	0.001	0.804318819144
3086	ip	1e7	16	0.001	0.322635618053
8658	wip	1e8	1	0.01	0.612678912745
8658	ip	1e8	1	0.01	0.545294248616
8658	wip	1e7	1	0.01	0.609847085065
8658	ip	1e7	1	0.01	0.543335929151
8658	wip	1e8	2	0.01	0.662952430046
8658	ip	1e8	2	0.01	0.572906554428
8658	wip	1e7	2	0.01	0.656005243982
8658	ip	1e7	2	0.01	0.564749070343
8658	wip	1e8	4	0.01	0.694848033492
8658	ip	1e8	4	0.01	0.602411932769
8658	wip	1e7	4	0.01	0.690288822041
8658	ip	1e7	4	0.01	0.600174957292
8658	wip	1e8	8	0.01	0.78458357939
8658	ip	1e8	8	0.01	0.726122178913
8658	wip	1e7	8	0.01	0.787199730209
8658	ip	1e7	8	0.01	0.723371978261
8658	wip	1e8	16	0.01	0.787122625406
8658	ip	1e8	16	0.01	0.735932536188
8658	wip	1e7	16	0.01	0.790622035417
8658	ip	1e7	16	0.01	0.733289267325
8658	wip	1e8	32	0.01	0.784372503595
8658	ip	1e8	32	0.01	0.749079974503
8658	wip	1e7	32	0.01	0.788600944117
8658	ip	1e7	32	0.01	0.745880174404
8658	wip	1e8	64	0.01	0.791531980936
8658	ip	1e8	64	0.01	0.851009238814
8658	wip	1e7	64	0.01	0.801625177962
8658	ip	1e7	64	0.01	0.848017824562
8658	wip	1e8	128	0.01	0.789717670122
8658	ip	1e8	128	0.01	0.89042526078
8658	wip	1e7	128	0.01	0.78483317081
8658	ip	1e7	128	0.01	0.867727925489
8658	wip	1e8	16	0.2	0.815592472778
8658	ip	1e8	16	0.2	0.852430092064
8658	wip	1e7	16	0.2	0.743241594714
8658	ip	1e7	16	0.2	0.705850498044
8658	wip	1e8	16	0.1	0.783502609161
8658	ip	1e8	16	0.1	0.832674454406
8658	wip	1e7	16	0.1	0.774993644434
8658	ip	1e7	16	0.1	0.801218338396
8658	wip	1e8	16	0.05	0.907350055184
8658	ip	1e8	16	0.05	0.892457937311
8658	wip	1e7	16	0.05	0.914464240268
8658	ip	1e7	16	0.05	0.881159823047
8658	wip	1e8	16	0.02	0.917331750126
8658	ip	1e8	16	0.02	0.747029417912
8658	wip	1e7	16	0.02	0.920196848972
8658	ip	1e7	16	0.02	0.738338639014
8658	wip	1e8	16	0.005	0.799051788547
8658	ip	1e8	16	0.005	0.71497627958
8658	wip	1e7	16	0.005	0.806154186132
8658	ip	1e7	16	0.005	0.714348135728
8658	wip	1e8	16	0.002	0.822724855761
8658	ip	1e8	16	0.002	0.443344877204
8658	wip	1e7	16	0.002	0.814250142888
8658	ip	1e7	16	0.002	0.440743684075
8658	wip	1e8	16	0.001	0.741278494113
8658	ip	1e8	16	0.001	0.318798985076
8658	wip	1e7	16	0.001	0.7384260613
8658	ip	1e7	16	0.001	0.317822841108
787	wip	1e8	1	0.01	0.732222356753
787	ip	1e8	1	0.01	0.670018034061
787	wip	1e7	1	0.01	0.728584968844
787	ip	1e7	1	0.01	0.663224569115
787	wip	1e8	2	0.01	0.872188310873
787	ip	1e8	2	0.01	0.866685255372
787	wip	1e7	2	0.01	0.872591793208
787	ip	1e7	2	0.01	0.866084007026
787	wip	1e8	4	0.01	0.851939251945
787	ip	1e8	4	0.01	0.832475177652
787	wip	1e7	4	0.01	0.854107680715
787	ip	1e7	4	0.01	0.831216930069
787	wip	1e8	8	0.01	0.839570903298
787	ip	1e8	8	0.01	0.866641848128
787	wip	1e7	8	0.01	0.841374599143
787	ip	1e7	8	0.01	0.867663026758
787	wip	1e8	16	0.01	0.854338644709
787	ip	1e8	16	0.01	0.880723842268
787	wip	1e7	16	0.01	0.856121401405
787	ip	1e7	16	0.01	0.880803333275
787	wip	1e8	32	0.01	0.856394178429
787	ip	1e8	32	0.01	0.873280977756
787	wip	1e7	32	0.01	0.859083244034
787	ip	1e7	32	0.01	0.875147385883
787	wip	1e8	64	0.01	0.873350213225
787	ip	1e8	64	0.01	0.89943051686
787	wip	1e7	64	0.01	0.891698706338
787	ip	1e7	64	0.01	0.900284310791
787	wip	1e8	128	0.01	0.857351645272
787	ip	1e8	128	0.01	0.896802356105
787	wip	1e7	128	0.01	0.841528382899
787	ip	1e7	128	0.01	0.898302014461
787	wip	1e8	16	0.2	0.876469448091
787	ip	1e8	16	0.2	0.868134234226
787	wip	1e7	16	0.2	0.871847102141
787	ip	1e7	16	0.2	0.860007309083
787	wip	1e8	16	0.1	0.885058008324
787	ip	1e8	16	0.1	0.935795154387
787	wip	1e7	16	0.1	0.895087405976
787	ip	1e7	16	0.1	0.944872336127
787	wip	1e8	16	0.05	0.930500052161
787	ip	1e8	16	0.05	0.846657886724
787	wip	1e7	16	0.05	0.922058938963
787	ip	1e7	16	0.05	0.845497229069
787	wip	1e8	16	0.02	0.900361956039
787	ip	1e8	16	0.02	0.874649203386
787	wip	1e7	16	0.02	0.902173023491
787	ip	1e7	16	0.02	0.876703297169
787	wip	1e8	16	0.005	0.895208508571
787	ip	1e8	16	0.005	0.84987738288
787	wip	1e7	16	0.005	0.894175973492
787	ip	1e7	16	0.005	0.849681468614
787	wip	1e8	16	0.002	0.780311017309
787	ip	1e8	16	0.002	0.661269309122
787	wip	1e7	16	0.002	0.778229374138
787	ip	1e7	16	0.002	0.660174597223
787	wip	1e8	16	0.001	0.837789862035
787	ip	1e8	16	0.001	0.719294415288
787	wip	1e7	16	0.001	0.837390665783
787	ip	1e7	16	0.001	0.71847401336
9875	wip	1e8	1	0.01	0.782983897789
9875	ip	1e8	1	0.01	0.747976830425
9875	wip	1e7	1	0.01	0.778244278572
9875	ip	1e7	1	0.01	0.744546425739
9875	wip	1e8	2	0.01	0.897850639378
9875	ip	1e8	2	0.01	0.880514612492
9875	wip	1e7	2	0.01	0.896885739308
9875	ip	1e7	2	0.01	0.878424535714
9875	wip	1e8	4	0.01	0.915740398796
9875	ip	1e8	4	0.01	0.895342147662
9875	wip	1e7	4	0.01	0.916177908537
9875	ip	1e7	4	0.01	0.894218040246
9875	wip	1e8	8	0.01	0.945769154844
9875	ip	1e8	8	0.01	0.940973690582
9875	wip	1e7	8	0.01	0.94678469715
9875	ip	1e7	8	0.01	0.940494383928
9875	wip	1e8	16	0.01	0.938538600072
9875	ip	1e8	16	0.01	0.942444056646
9875	wip	1e7	16	0.01	0.936882848786
9875	ip	1e7	16	0.01	0.940959002155
9875	wip	1e8	32	0.01	0.935828976482
9875	ip	1e8	32	0.01	0.929702050814
9875	wip	1e7	32	0.01	0.936369737044
9875	ip	1e7	32	0.01	0.928290937465
9875	wip	1e8	64	0.01	0.930582015517
9875	ip	1e8	64	0.01	0.92951534684
9875	wip	1e7	64	0.01	0.925124905896
9875	ip	1e7	64	0.01	0.927698603685
9875	wip	1e8	128	0.01	0.933205479768
9875	ip	1e8	128	0.01	0.958264186856
9875	wip	1e7	128	0.01	0.924817387586
9875	ip	1e7	128	0.01	0.954073028176
9875	wip	1e8	16	0.2	0.914423148571
9875	ip	1e8	16	0.2	0.931044003026
9875	wip	1e7	16	0.2	0.915449902486
9875	ip	1e7	16	0.2	0.925225567012
9875	wip	1e8	16	0.1	0.911659712248
9875	ip	1e8	16	0.1	0.927758849072
9875	wip	1e7	16	0.1	0.913367651629
9875	ip	1e7	16	0.1	0.926196088506
9875	wip	1e8	16	0.05	0.934447159102
9875	ip	1e8	16	0.05	0.948536655545
9875	wip	1e7	16	0.05	0.934760862144
9875	ip	1e7	16	0.05	0.949229546496
9875	wip	1e8	16	0.02	0.971749378078
9875	ip	1e8	16	0.02	0.93936492556
9875	wip	1e7	16	0.02	0.972658590367
9875	ip	1e7	16	0.02	0.93985718362
9875	wip	1e8	16	0.005	0.9391977841
9875	ip	1e8	16	0.005	0.906980768084
9875	wip	1e7	16	0.005	0.938593065884
9875	ip	1e7	16	0.005	0.906334205149
9875	wip	1e8	16	0.002	0.966599228567
9875	ip	1e8	16	0.002	0.768667012624
9875	wip	1e7	16	0.002	0.965764970128
9875	ip	1e7	16	0.002	0.768016081222
9875	wip	1e8	16	0.001	0.919542175533
9875	ip	1e8	16	0.001	0.614337799188
9875	wip	1e7	16	0.001	0.916745742004
9875	ip	1e7	16	0.001	0.612996801372
6901	wip	1e8	1	0.01	0.842631595917
6901	ip	1e8	1	0.01	0.804429594448
6901	wip	1e7	1	0.01	0.839818206438
6901	ip	1e7	1	0.01	0.799798271048
6901	wip	1e8	2	0.01	0.899532348264
6901	ip	1e8	2	0.01	0.872293409807
6901	wip	1e7	2	0.01	0.89885039507
6901	ip	1e7	2	0.01	0.871490785723
6901	wip	1e8	4	0.01	0.89513059252
6901	ip	1e8	4	0.01	0.865884430797
6901	wip	1e7	4	0.01	0.893753206468
6901	ip	1e7	4	0.01	0.864945593573
6901	wip	1e8	8	0.01	0.946719931331
6901	ip	1e8	8	0.01	0.873137639305
6901	wip	1e7	8	0.01	0.946118675825
6901	ip	1e7	8	0.01	0.872358551296
6901	wip	1e8	16	0.01	0.949446435489
6901	ip	1e8	16	0.01	0.892241432583
6901	wip	1e7	16	0.01	0.950646860268
6901	ip	1e7	16	0.01	0.89198309013
6901	wip	1e8	32	0.01	0.971119908282
6901	ip	1e8	32	0.01	0.928205898776
6901	wip	1e7	32	0.01	0.970792378789
6901	ip	1e7	32	0.01	0.92638588023
6901	wip	1e8	64	0.01	0.969302497333
6901	ip	1e8	64	0.01	0.926733074142
6901	wip	1e7	64	0.01	0.964370444533
6901	ip	1e7	64	0.01	0.924057894087
6901	wip	1e8	128	0.01	0.975480993567
6901	ip	1e8	128	0.01	0.938083910795
6901	wip	1e7	128	0.01	0.959912288081
6901	ip	1e7	128	0.01	0.928820701093
6901	wip	1e8	16	0.2	0.846175016419
6901	ip	1e8	16	0.2	0.936632855034
6901	wip	1e7	16	0.2	0.842165038171
6901	ip	1e7	16	0.2	0.895485010702
6901	wip	1e8	16	0.1	0.860334865145
6901	ip	1e8	16	0.1	0.886554936057
6901	wip	1e7	16	0.1	0.865580859176
6901	ip	1e7	16	0.1	0.897058572469
6901	wip	1e8	16	0.05	0.837836301158
6901	ip	1e8	16	0.05	0.884592625871
6901	wip	1e7	16	0.05	0.836651245591
6901	ip	1e7	16	0.05	0.882625447625
6901	wip	1e8	16	0.02	0.850872105433
6901	ip	1e8	16	0.02	0.895109962388
6901	wip	1e7	16	0.02	0.849540956309
6901	ip	1e7	16	0.02	0.892446367455
6901	wip	1e8	16	0.005	0.918960957801
6901	ip	1e8	16	0.005	0.863392884967
6901	wip	1e7	16	0.005	0.916127234992
6901	ip	1e7	16	0.005	0.863192842436
6901	wip	1e8	16	0.002	0.914989777857
6901	ip	1e8	16	0.002	0.842961753189
6901	wip	1e7	16	0.002	0.913416458059
6901	ip	1e7	16	0.002	0.842190911317
6901	wip	1e8	16	0.001	0.917280265844
6901	ip	1e8	16	0.001	0.580502015644
6901	wip	1e7	16	0.001	0.916197430091
6901	ip	1e7	16	0.001	0.579352204586
9142	wip	1e8	1	0.01	0.832631743393
9142	ip	1e8	1	0.01	0.819360775713
9142	wip	1e7	1	0.01	0.832072120851
9142	ip	1e7	1	0.01	0.817219533114
9142	wip	1e8	2	0.01	0.754777107872
9142	ip	1e8	2	0.01	0.717612140914
9142	wip	1e7	2	0.01	0.751062746884
9142	ip	1e7	2	0.01	0.714584433891
9142	wip	1e8	4	0.01	0.810914340386
9142	ip	1e8	4	0.01	0.78450898815
9142	wip	1e7	4	0.01	0.812546583803
9142	ip	1e7	4	0.01	0.771330900809
9142	wip	1e8	8	0.01	0.812035776834
9142	ip	1e8	8	0.01	0.84044801989
9142	wip	1e7	8	0.01	0.812691570241
9142	ip	1e7	8	0.01	0.838629710835
9142	wip	1e8	16	0.01	0.825132903447
9142	ip	1e8	16	0.01	0.879253527784
9142	wip	1e7	16	0.01	0.827513477255
9142	ip	1e7	16	0.01	0.879868681802
9142	wip	1e8	32	0.01	0.825307561296
9142	ip	1e8	32	0.01	0.878629301631
9142	wip	1e7	32	0.01	0.819033453493
9142	ip	1e7	32	0.01	0.879091504812
9142	wip	1e8	64	0.01	0.830726614591
9142	ip	1e8	64	0.01	0.91056921525
9142	wip	1e7	64	0.01	0.832495495108
9142	ip	1e7	64	0.01	0.912224160905
9142	wip	1e8	128	0.01	0.827996568192
9142	ip	1e8	128	0.01	0.898769094696
9142	wip	1e7	128	0.01	0.813534941702
9142	ip	1e7	128	0.01	0.894930211395
9142	wip	1e8	16	0.2	0.821869712932
9142	ip	1e8	16	0.2	0.861851801734
9142	wip	1e7	16	0.2	0.829918796775
9142	ip	1e7	16	0.2	0.844760431306
9142	wip	1e8	16	0.1	0.980660102583
9142	ip	1e8	16	0.1	0.959454508846
9142	wip	1e7	16	0.1	0.981686807587
9142	ip	1e7	16	0.1	0.946131173282
9142	wip	1e8	16	0.05	0.786151231638
9142	ip	1e8	16	0.05	0.879996462448
9142	wip	1e7	16	0.05	0.788089854425
9142	ip	1e7	16	0.05	0.877827915333
9142	wip	1e8	16	0.02	0.916031820197
9142	ip	1e8	16	0.02	0.848614179574
9142	wip	1e7	16	0.02	0.918239245946
9142	ip	1e7	16	0.02	0.849195683725
9142	wip	1e8	16	0.005	0.818389314996
9142	ip	1e8	16	0.005	0.852121718468
9142	wip	1e7	16	0.005	0.819521591964
9142	ip	1e7	16	0.005	0.852225640443
9142	wip	1e8	16	0.002	0.940768789284
9142	ip	1e8	16	0.002	0.797770137018
9142	wip	1e7	16	0.002	0.940423086478
9142	ip	1e7	16	0.002	0.797355342266
9142	wip	1e8	16	0.001	0.831930984539
9142	ip	1e8	16	0.001	0.527641994987
9142	wip	1e7	16	0.001	0.826391925738
9142	ip	1e7	16	0.001	0.526469780795
1269	wip	1e8	1	0.01	0.797290216502
1269	ip	1e8	1	0.01	0.760464060121
1269	wip	1e7	1	0.01	0.796779837872
1269	ip	1e7	1	0.01	0.759633443286
1269	wip	1e8	2	0.01	0.850101226165
1269	ip	1e8	2	0.01	0.803262419986
1269	wip	1e7	2	0.01	0.848223869476
1269	ip	1e7	2	0.01	0.800270903266
1269	wip	1e8	4	0.01	0.787670220554
1269	ip	1e8	4	0.01	0.770383828583
1269	wip	1e7	4	0.01	0.787545653679
1269	ip	1e7	4	0.01	0.764088342144
1269	wip	1e8	8	0.01	0.800060288312
1269	ip	1e8	8	0.01	0.835535188033
1269	wip	1e7	8	0.01	0.801247658859
1269	ip	1e7	8	0.01	0.831156455583
1269	wip	1e8	16	0.01	0.799959234077
1269	ip	1e8	16	0.01	0.884026253199
1269	wip	1e7	16	0.01	0.801404738032
1269	ip	1e7	16	0.01	0.883047875138
1269	wip	1e8	32	0.01	0.778541122291
1269	ip	1e8	32	0.01	0.789220595539
1269	wip	1e7	32	0.01	0.774232654029
1269	ip	1e7	32	0.01	0.789497422348
1269	wip	1e8	64	0.01	0.792937086175
1269	ip	1e8	64	0.01	0.917803746044
1269	wip	1e7	64	0.01	0.793292546201
1269	ip	1e7	64	0.01	0.916053628981
1269	wip	1e8	128	0.01	0.79646793659
1269	ip	1e8	128	0.01	0.948903510844
1269	wip	1e7	128	0.01	0.798027889268
1269	ip	1e7	128	0.01	0.943096128229
1269	wip	1e8	16	0.2	0.773387936654
1269	ip	1e8	16	0.2	0.8317002224
1269	wip	1e7	16	0.2	0.779165995025
1269	ip	1e7	16	0.2	0.839949897228
1269	wip	1e8	16	0.1	0.97492598839
1269	ip	1e8	16	0.1	0.881988553881
1269	wip	1e7	16	0.1	0.971883845195
1269	ip	1e7	16	0.1	0.883671796788
1269	wip	1e8	16	0.05	0.74504623648
1269	ip	1e8	16	0.05	0.830432957151
1269	wip	1e7	16	0.05	0.745248972685
1269	ip	1e7	16	0.05	0.835526157912
1269	wip	1e8	16	0.02	0.805318936155
1269	ip	1e8	16	0.02	0.86724537785
1269	wip	1e7	16	0.02	0.805247222061
1269	ip	1e7	16	0.02	0.865095024863
1269	wip	1e8	16	0.005	0.749560439609
1269	ip	1e8	16	0.005	0.837595636247
1269	wip	1e7	16	0.005	0.75267188482
1269	ip	1e7	16	0.005	0.835573360101
1269	wip	1e8	16	0.002	0.9294764318
1269	ip	1e8	16	0.002	0.755904795405
1269	wip	1e7	16	0.002	0.928355343038
1269	ip	1e7	16	0.002	0.75372278169
1269	wip	1e8	16	0.001	0.754687647459
1269	ip	1e8	16	0.001	0.480593077117
1269	wip	1e7	16	0.001	0.756136281315
1269	ip	1e7	16	0.001	0.479725970356
8056	wip	1e8	1	0.01	0.821116012842
8056	ip	1e8	1	0.01	0.84361864472
8056	wip	1e7	1	0.01	0.821116052248
8056	ip	1e7	1	0.01	0.841750275815
8056	wip	1e8	2	0.01	0.853041260439
8056	ip	1e8	2	0.01	0.863274480032
8056	wip	1e7	2	0.01	0.853261451993
8056	ip	1e7	2	0.01	0.859100733673
8056	wip	1e8	4	0.01	0.834581333893
8056	ip	1e8	4	0.01	0.854517658505
8056	wip	1e7	4	0.01	0.837774610632
8056	ip	1e7	4	0.01	0.850007358223
8056	wip	1e8	8	0.01	0.904654566362
8056	ip	1e8	8	0.01	0.915748734583
8056	wip	1e7	8	0.01	0.906703184274
8056	ip	1e7	8	0.01	0.915484543294
8056	wip	1e8	16	0.01	0.880249064576
8056	ip	1e8	16	0.01	0.888152142508
8056	wip	1e7	16	0.01	0.884376846025
8056	ip	1e7	16	0.01	0.888059474193
8056	wip	1e8	32	0.01	0.892969835411
8056	ip	1e8	32	0.01	0.928608364711
8056	wip	1e7	32	0.01	0.899377698998
8056	ip	1e7	32	0.01	0.924172166024
8056	wip	1e8	64	0.01	0.893352755346
8056	ip	1e8	64	0.01	0.955491954558
8056	wip	1e7	64	0.01	0.90436976891
8056	ip	1e7	64	0.01	0.95448348861
8056	wip	1e8	128	0.01	0.877116793975
8056	ip	1e8	128	0.01	0.938891483395
8056	wip	1e7	128	0.01	0.886239334833
8056	ip	1e7	128	0.01	0.933027662579
8056	wip	1e8	16	0.2	0.898792947711
8056	ip	1e8	16	0.2	0.905580206781
8056	wip	1e7	16	0.2	0.880764114423
8056	ip	1e7	16	0.2	0.886211870524
8056	wip	1e8	16	0.1	0.964555539406
8056	ip	1e8	16	0.1	0.937465458303
8056	wip	1e7	16	0.1	0.956781901245
8056	ip	1e7	16	0.1	0.936465506959
8056	wip	1e8	16	0.05	0.909127422379
8056	ip	1e8	16	0.05	0.943282306654
8056	wip	1e7	16	0.05	0.917073692244
8056	ip	1e7	16	0.05	0.94459881988
8056	wip	1e8	16	0.02	0.906378568206
8056	ip	1e8	16	0.02	0.925495987609
8056	wip	1e7	16	0.02	0.909281813012
8056	ip	1e7	16	0.02	0.925479701342
8056	wip	1e8	16	0.005	0.913547615581
8056	ip	1e8	16	0.005	0.855059323305
8056	wip	1e7	16	0.005	0.915449201787
8056	ip	1e7	16	0.005	0.853522624539
8056	wip	1e8	16	0.002	0.859789523643
8056	ip	1e8	16	0.002	0.678027129625
8056	wip	1e7	16	0.002	0.868688043467
8056	ip	1e7	16	0.002	0.676317166027
8056	wip	1e8	16	0.001	0.904757495754
8056	ip	1e8	16	0.001	0.598046906542
8056	wip	1e7	16	0.001	0.90405438623
8056	ip	1e7	16	0.001	0.597047603426
8248	wip	1e8	1	0.01	0.86031915421
8248	ip	1e8	1	0.01	0.819307341393
8248	wip	1e7	1	0.01	0.857828499709
8248	ip	1e7	1	0.01	0.816454580715
8248	wip	1e8	2	0.01	0.874112830194
8248	ip	1e8	2	0.01	0.845940688154
8248	wip	1e7	2	0.01	0.871460360328
8248	ip	1e7	2	0.01	0.842496754422
8248	wip	1e8	4	0.01	0.86814244801
8248	ip	1e8	4	0.01	0.838453124288
8248	wip	1e7	4	0.01	0.86688398164
8248	ip	1e7	4	0.01	0.826894494611
8248	wip	1e8	8	0.01	0.897908388461
8248	ip	1e8	8	0.01	0.918735762887
8248	wip	1e7	8	0.01	0.897991613766
8248	ip	1e7	8	0.01	0.917333734899
8248	wip	1e8	16	0.01	0.906283346564
8248	ip	1e8	16	0.01	0.926785002153
8248	wip	1e7	16	0.01	0.907828957812
8248	ip	1e7	16	0.01	0.925819352676
8248	wip	1e8	32	0.01	0.910642531434
8248	ip	1e8	32	0.01	0.936368706398
8248	wip	1e7	32	0.01	0.909916966408
8248	ip	1e7	32	0.01	0.934896781806
8248	wip	1e8	64	0.01	0.782062107085
8248	ip	1e8	64	0.01	0.815000774222
8248	wip	1e7	64	0.01	0.785842971071
8248	ip	1e7	64	0.01	0.81326728867
8248	wip	1e8	128	0.01	0.915446092054
8248	ip	1e8	128	0.01	0.976356015923
8248	wip	1e7	128	0.01	0.922064920904
8248	ip	1e7	128	0.01	0.965837422421
8248	wip	1e8	16	0.2	0.906478184499
8248	ip	1e8	16	0.2	0.960014549282
8248	wip	1e7	16	0.2	0.895176525855
8248	ip	1e7	16	0.2	0.942101269788
8248	wip	1e8	16	0.1	0.924763487287
8248	ip	1e8	16	0.1	0.92044564284
8248	wip	1e7	16	0.1	0.927279947234
8248	ip	1e7	16	0.1	0.920018002079
8248	wip	1e8	16	0.05	0.943321507155
8248	ip	1e8	16	0.05	0.934686234082
8248	wip	1e7	16	0.05	0.945064985041
8248	ip	1e7	16	0.05	0.933842792204
8248	wip	1e8	16	0.02	0.870185585717
8248	ip	1e8	16	0.02	0.920517782095
8248	wip	1e7	16	0.02	0.872238066183
8248	ip	1e7	16	0.02	0.9211137109
8248	wip	1e8	16	0.005	0.949863310869
8248	ip	1e8	16	0.005	0.913429229003
8248	wip	1e7	16	0.005	0.950742623195
8248	ip	1e7	16	0.005	0.912375735246
8248	wip	1e8	16	0.002	0.906768797287
8248	ip	1e8	16	0.002	0.817080155416
8248	wip	1e7	16	0.002	0.904262949427
8248	ip	1e7	16	0.002	0.815668286376
8248	wip	1e8	16	0.001	0.938046611832
8248	ip	1e8	16	0.001	0.598424718062
8248	wip	1e7	16	0.001	0.93350594983
8248	ip	1e7	16	0.001	0.597105927673
7643	wip	1e8	1	0.01	0.801628017346
7643	ip	1e8	1	0.01	0.770681336255
7643	wip	1e7	1	0.01	0.796398540935
7643	ip	1e7	1	0.01	0.764480767513
7643	wip	1e8	2	0.01	0.900330811234
7643	ip	1e8	2	0.01	0.866336422617
7643	wip	1e7	2	0.01	0.899310260896
7643	ip	1e7	2	0.01	0.863573026655
7643	wip	1e8	4	0.01	0.892578760767
7643	ip	1e8	4	0.01	0.84012004788
7643	wip	1e7	4	0.01	0.891119602075
7643	ip	1e7	4	0.01	0.833509373963
7643	wip	1e8	8	0.01	0.930534872796
7643	ip	1e8	8	0.01	0.907078943871
7643	wip	1e7	8	0.01	0.930173800805
7643	ip	1e7	8	0.01	0.905959061459
7643	wip	1e8	16	0.01	0.945426987703
7643	ip	1e8	16	0.01	0.916417274728
7643	wip	1e7	16	0.01	0.947293724103
7643	ip	1e7	16	0.01	0.916127627222
7643	wip	1e8	32	0.01	0.949074073634
7643	ip	1e8	32	0.01	0.93005520012
7643	wip	1e7	32	0.01	0.951165676613
7643	ip	1e7	32	0.01	0.92970169965
7643	wip	1e8	64	0.01	0.952381017967
7643	ip	1e8	64	0.01	0.948719862342
7643	wip	1e7	64	0.01	0.949700952278
7643	ip	1e7	64	0.01	0.948482058024
7643	wip	1e8	128	0.01	0.955109662558
7643	ip	1e8	128	0.01	0.966874917984
7643	wip	1e7	128	0.01	0.952355568222
7643	ip	1e7	128	0.01	0.965070261817
7643	wip	1e8	16	0.2	0.916660040371
7643	ip	1e8	16	0.2	0.906930297935
7643	wip	1e7	16	0.2	0.920871837102
7643	ip	1e7	16	0.2	0.916553810145
7643	wip	1e8	16	0.1	0.94068340061
7643	ip	1e8	16	0.1	0.953593996819
7643	wip	1e7	16	0.1	0.929604705528
7643	ip	1e7	16	0.1	0.938393045716
7643	wip	1e8	16	0.05	0.877623308598
7643	ip	1e8	16	0.05	0.880191647287
7643	wip	1e7	16	0.05	0.879103051073
7643	ip	1e7	16	0.05	0.857784205893
7643	wip	1e8	16	0.02	0.95740248559
7643	ip	1e8	16	0.02	0.92323673558
7643	wip	1e7	16	0.02	0.955150724868
7643	ip	1e7	16	0.02	0.920711699452
7643	wip	1e8	16	0.005	0.942921622117
7643	ip	1e8	16	0.005	0.81005774762
7643	wip	1e7	16	0.005	0.941782553846
7643	ip	1e7	16	0.005	0.808790348673
7643	wip	1e8	16	0.002	0.88336000596
7643	ip	1e8	16	0.002	0.798199443026
7643	wip	1e7	16	0.002	0.881917956588
7643	ip	1e7	16	0.002	0.797297167328
7643	wip	1e8	16	0.001	0.818846080962
7643	ip	1e8	16	0.001	0.650694884662
7643	wip	1e7	16	0.001	0.808943846022
7643	ip	1e7	16	0.001	0.649710519016
4223	wip	1e8	1	0.01	0.740110512665
4223	ip	1e8	1	0.01	0.711363894024
4223	wip	1e7	1	0.01	0.736649833188
4223	ip	1e7	1	0.01	0.708760765308
4223	wip	1e8	2	0.01	0.701646590355
4223	ip	1e8	2	0.01	0.646786822869
4223	wip	1e7	2	0.01	0.698866848075
4223	ip	1e7	2	0.01	0.643086354549
4223	wip	1e8	4	0.01	0.886966031274
4223	ip	1e8	4	0.01	0.842099672089
4223	wip	1e7	4	0.01	0.886333337812
4223	ip	1e7	4	0.01	0.839910184029
4223	wip	1e8	8	0.01	0.822907394134
4223	ip	1e8	8	0.01	0.773899886132
4223	wip	1e7	8	0.01	0.819879797111
4223	ip	1e7	8	0.01	0.766803748887
4223	wip	1e8	16	0.01	0.905450033743
4223	ip	1e8	16	0.01	0.936851848782
4223	wip	1e7	16	0.01	0.9070567166
4223	ip	1e7	16	0.01	0.936043203877
4223	wip	1e8	32	0.01	0.891810013039
4223	ip	1e8	32	0.01	0.916782547738
4223	wip	1e7	32	0.01	0.890225017756
4223	ip	1e7	32	0.01	0.915842903981
4223	wip	1e8	64	0.01	0.90148629233
4223	ip	1e8	64	0.01	0.977156842629
4223	wip	1e7	64	0.01	0.908729618466
4223	ip	1e7	64	0.01	0.976542653161
4223	wip	1e8	128	0.01	0.899487335101
4223	ip	1e8	128	0.01	0.97020334738
4223	wip	1e7	128	0.01	0.903785913896
4223	ip	1e7	128	0.01	0.967266821844
4223	wip	1e8	16	0.2	0.88650995956
4223	ip	1e8	16	0.2	0.939341547484
4223	wip	1e7	16	0.2	0.894804201256
4223	ip	1e7	16	0.2	0.935668108442
4223	wip	1e8	16	0.1	0.981722985844
4223	ip	1e8	16	0.1	0.960146839772
4223	wip	1e7	16	0.1	0.981719494682
4223	ip	1e7	16	0.1	0.956978253172
4223	wip	1e8	16	0.05	0.881627887816
4223	ip	1e8	16	0.05	0.938867697285
4223	wip	1e7	16	0.05	0.884160951098
4223	ip	1e7	16	0.05	0.940120696014
4223	wip	1e8	16	0.02	0.936842614952
4223	ip	1e8	16	0.02	0.93006539125
4223	wip	1e7	16	0.02	0.934871311048
4223	ip	1e7	16	0.02	0.928603991171
4223	wip	1e8	16	0.005	0.97375568369
4223	ip	1e8	16	0.005	0.880561626587
4223	wip	1e7	16	0.005	0.971920956961
4223	ip	1e7	16	0.005	0.880055708894
4223	wip	1e8	16	0.002	0.88758168124
4223	ip	1e8	16	0.002	0.73059570159
4223	wip	1e7	16	0.002	0.887631806225
4223	ip	1e7	16	0.002	0.729850583648
4223	wip	1e8	16	0.001	0.939198128854
4223	ip	1e8	16	0.001	0.630822703344
4223	wip	1e7	16	0.001	0.931726838223
4223	ip	1e7	16	0.001	0.630116565072
7968	mash	1000	1	0.01	0.632240469416
7968	mash	10000	1	0.01	0.612331125739
7968	mash	1000000	1	0.01	0.611191337263
7968	mash	1000	2	0.01	0.758235760396
7968	mash	10000	2	0.01	0.747693056292
7968	mash	1000000	2	0.01	0.746741220433
7968	mash	1000	4	0.01	0.862614029355
7968	mash	10000	4	0.01	0.871619207496
7968	mash	1000000	4	0.01	0.87438603089
7968	mash	1000	8	0.01	0.819362050313
7968	mash	10000	8	0.01	0.817153407437
7968	mash	1000000	8	0.01	0.817018971027
7968	mash	1000	16	0.01	0.528164860826
7968	mash	10000	16	0.01	0.50277091533
7968	mash	1000000	16	0.01	0.5048637816
7968	mash	1000	32	0.01	0.598853041354
7968	mash	10000	32	0.01	0.605583259773
7968	mash	1000000	32	0.01	0.59088416902
7968	mash	1000	64	0.01	0.628255662848
7968	mash	10000	64	0.01	0.655180745403
7968	mash	1000000	64	0.01	0.657930922756
7968	mash	1000	128	0.01	0.573685145626
7968	mash	10000	128	0.01	0.586276530169
7968	mash	1000000	128	0.01	0.585517460086
7968	mash	1000	16	0.2	0.815591054413
7968	mash	10000	16	0.2	0.849578432487
7968	mash	1000000	16	0.2	0.881289457182
7968	mash	1000	16	0.1	0.816602404606
7968	mash	10000	16	0.1	0.80727043271
7968	mash	1000000	16	0.1	0.847105179563
7968	mash	1000	16	0.05	0.86689752316
7968	mash	10000	16	0.05	0.862905456152
7968	mash	1000000	16	0.05	0.859407217738
7968	mash	1000	16	0.02	0.73567243466
7968	mash	10000	16	0.02	0.714103705823
7968	mash	1000000	16	0.02	0.714334051155
7968	mash	1000	16	0.005	0.42430732384
7968	mash	10000	16	0.005	0.432013804003
7968	mash	1000000	16	0.005	0.434214408428
7968	mash	1000	16	0.002	0.178803123543
7968	mash	10000	16	0.002	0.189471354664
7968	mash	1000000	16	0.002	0.201205274536
7968	mash	1000	16	0.001	0.0655617759651
7968	mash	10000	16	0.001	0.0601417132579
7968	mash	1000000	16	0.001	0.060566781139
8224	mash	1000	1	0.01	0.670167982634
8224	mash	10000	1	0.01	0.667685134217
8224	mash	1000000	1	0.01	0.668541402202
8224	mash	1000	2	0.01	0.655860652451
8224	mash	10000	2	0.01	0.675755589833
8224	mash	1000000	2	0.01	0.672799903368
8224	mash	1000	4	0.01	0.822396540258
8224	mash	10000	4	0.01	0.846126468087
8224	mash	1000000	4	0.01	0.845841115111
8224	mash	1000	8	0.01	0.776194248317
8224	mash	10000	8	0.01	0.790401190814
8224	mash	1000000	8	0.01	0.779208643276
8224	mash	1000	16	0.01	0.631833868954
8224	mash	10000	16	0.01	0.650570336826
8224	mash	1000000	16	0.01	0.644178264842
8224	mash	1000	32	0.01	0.680161663604
8224	mash	10000	32	0.01	0.675017535024
8224	mash	1000000	32	0.01	0.670235114232
8224	mash	1000	64	0.01	0.657032691559
8224	mash	10000	64	0.01	0.658153050104
8224	mash	1000000	64	0.01	0.653498161132
8224	mash	1000	128	0.01	0.664542365897
8224	mash	10000	128	0.01	0.662203420783
8224	mash	1000000	128	0.01	0.661487431421
8224	mash	1000	16	0.2	0.924240293277
8224	mash	10000	16	0.2	0.921549279553
8224	mash	1000000	16	0.2	0.914906531122
8224	mash	1000	16	0.1	0.895324102796
8224	mash	10000	16	0.1	0.897833380069
8224	mash	1000000	16	0.1	0.89422761153
8224	mash	1000	16	0.05	0.813831257646
8224	mash	10000	16	0.05	0.811028427875
8224	mash	1000000	16	0.05	0.813395442009
8224	mash	1000	16	0.02	0.70241922999
8224	mash	10000	16	0.02	0.709990146882
8224	mash	1000000	16	0.02	0.709402363417
8224	mash	1000	16	0.005	0.281325886732
8224	mash	10000	16	0.005	0.283264351343
8224	mash	1000000	16	0.005	0.287392604305
8224	mash	1000	16	0.002	0.227373923882
8224	mash	10000	16	0.002	0.226259834735
8224	mash	1000000	16	0.002	0.237669609053
8224	mash	1000	16	0.001	0.129050681569
8224	mash	10000	16	0.001	0.150012979128
8224	mash	1000000	16	0.001	0.149392862668
9636	mash	1000	1	0.01	0.677622749037
9636	mash	10000	1	0.01	0.681746905484
9636	mash	1000000	1	0.01	0.677266302107
9636	mash	1000	2	0.01	0.851463789388
9636	mash	10000	2	0.01	0.85449999974
9636	mash	1000000	2	0.01	0.850585851988
9636	mash	1000	4	0.01	0.769258064285
9636	mash	10000	4	0.01	0.780309338367
9636	mash	1000000	4	0.01	0.777152070783
9636	mash	1000	8	0.01	0.799098060586
9636	mash	10000	8	0.01	0.809032605085
9636	mash	1000000	8	0.01	0.814023450995
9636	mash	1000	16	0.01	0.310191472487
9636	mash	10000	16	0.01	0.330866603963
9636	mash	1000000	16	0.01	0.336201892384
9636	mash	1000	32	0.01	0.543477860029
9636	mash	10000	32	0.01	0.610593674364
9636	mash	1000000	32	0.01	0.621718127488
9636	mash	1000	64	0.01	0.387133241251
9636	mash	10000	64	0.01	0.437386637443
9636	mash	1000000	64	0.01	0.457159149735
9636	mash	1000	128	0.01	0.475799965576
9636	mash	10000	128	0.01	0.517726325537
9636	mash	1000000	128	0.01	0.526105546628
9636	mash	1000	16	0.2	0.822387533988
9636	mash	10000	16	0.2	0.930623731844
9636	mash	1000000	16	0.2	0.919958242071
9636	mash	1000	16	0.1	0.900796764876
9636	mash	10000	16	0.1	0.924168950323
9636	mash	1000000	16	0.1	0.92425264435
9636	mash	1000	16	0.05	0.880294516763
9636	mash	10000	16	0.05	0.879163844729
9636	mash	1000000	16	0.05	0.872038250276
9636	mash	1000	16	0.02	0.712559310659
9636	mash	10000	16	0.02	0.721917850342
9636	mash	1000000	16	0.02	0.718891117835
9636	mash	1000	16	0.005	0.257909105298
9636	mash	10000	16	0.005	0.279739592531
9636	mash	1000000	16	0.005	0.283315939863
9636	mash	1000	16	0.002	0.0974945239015
9636	mash	10000	16	0.002	0.109677967542
9636	mash	1000000	16	0.002	0.112034083701
9636	mash	1000	16	0.001	0.0847030905294
9636	mash	10000	16	0.001	0.0867798463661
9636	mash	1000000	16	0.001	0.0873944492086
2597	mash	1000	1	0.01	0.658147807907
2597	mash	10000	1	0.01	0.685483210582
2597	mash	1000000	1	0.01	0.690875777694
2597	mash	1000	2	0.01	0.641073394308
2597	mash	10000	2	0.01	0.66557980525
2597	mash	1000000	2	0.01	0.667285515995
2597	mash	1000	4	0.01	0.86730640282
2597	mash	10000	4	0.01	0.862392266763
2597	mash	1000000	4	0.01	0.869065112405
2597	mash	1000	8	0.01	0.881770794512
2597	mash	10000	8	0.01	0.849131041442
2597	mash	1000000	8	0.01	0.851785139286
2597	mash	1000	16	0.01	0.519960081717
2597	mash	10000	16	0.01	0.490351006473
2597	mash	1000000	16	0.01	0.496326920695
2597	mash	1000	32	0.01	0.751948931015
2597	mash	10000	32	0.01	0.740008280373
2597	mash	1000000	32	0.01	0.737792026261
2597	mash	1000	64	0.01	0.685022546923
2597	mash	10000	64	0.01	0.681497545854
2597	mash	1000000	64	0.01	0.683588157864
2597	mash	1000	128	0.01	0.541891006274
2597	mash	10000	128	0.01	0.540897540424
2597	mash	1000000	128	0.01	0.541139907812
2597	mash	1000	16	0.2	0.870456898561
2597	mash	10000	16	0.2	0.853756228592
2597	mash	1000000	16	0.2	0.887830109523
2597	mash	1000	16	0.1	0.875912329691
2597	mash	10000	16	0.1	0.894709736413
2597	mash	1000000	16	0.1	0.870599115693
2597	mash	1000	16	0.05	0.859321225163
2597	mash	10000	16	0.05	0.869918352736
2597	mash	1000000	16	0.05	0.867005121494
2597	mash	1000	16	0.02	0.795228023383
2597	mash	10000	16	0.02	0.794098272935
2597	mash	1000000	16	0.02	0.796960884335
2597	mash	1000	16	0.005	0.538844347539
2597	mash	10000	16	0.005	0.509817953086
2597	mash	1000000	16	0.005	0.495727783857
2597	mash	1000	16	0.002	0.257460192306
2597	mash	10000	16	0.002	0.249801525469
2597	mash	1000000	16	0.002	0.252041648029
2597	mash	1000	16	0.001	0.0889735278072
2597	mash	10000	16	0.001	0.100785628078
2597	mash	1000000	16	0.001	0.100514680169
647	mash	1000	1	0.01	0.595148585525
647	mash	10000	1	0.01	0.616534189822
647	mash	1000000	1	0.01	0.606771796322
647	mash	1000	2	0.01	0.730620051343
647	mash	10000	2	0.01	0.741812532658
647	mash	1000000	2	0.01	0.741191667796
647	mash	1000	4	0.01	0.739413757263
647	mash	10000	4	0.01	0.771257718505
647	mash	1000000	4	0.01	0.776101064249
647	mash	1000	8	0.01	0.737183685682
647	mash	10000	8	0.01	0.739140053323
647	mash	1000000	8	0.01	0.739239808361
647	mash	1000	16	0.01	0.291039009907
647	mash	10000	16	0.01	0.300998654858
647	mash	1000000	16	0.01	0.297850193615
647	mash	1000	32	0.01	0.459371318187
647	mash	10000	32	0.01	0.472410334942
647	mash	1000000	32	0.01	0.466630064336
647	mash	1000	64	0.01	0.543284885241
647	mash	10000	64	0.01	0.53845057693
647	mash	1000000	64	0.01	0.53501342966
647	mash	1000	128	0.01	0.52958638677
647	mash	10000	128	0.01	0.52055239545
647	mash	1000000	128	0.01	0.520278993197
647	mash	1000	16	0.2	0.854045698142
647	mash	10000	16	0.2	0.8936852246
647	mash	1000000	16	0.2	0.923270669841
647	mash	1000	16	0.1	0.879084416606
647	mash	10000	16	0.1	0.897628132879
647	mash	1000000	16	0.1	0.868695109397
647	mash	1000	16	0.05	0.793783811628
647	mash	10000	16	0.05	0.823027256486
647	mash	1000000	16	0.05	0.827468203664
647	mash	1000	16	0.02	0.559424415948
647	mash	10000	16	0.02	0.577108753142
647	mash	1000000	16	0.02	0.573771280034
647	mash	1000	16	0.005	0.339030396881
647	mash	10000	16	0.005	0.351728338619
647	mash	1000000	16	0.005	0.362275934594
647	mash	1000	16	0.002	0.0573182722814
647	mash	10000	16	0.002	0.0450015293433
647	mash	1000000	16	0.002	0.0470280340395
647	mash	1000	16	0.001	0.211237954488
647	mash	10000	16	0.001	0.206468970228
647	mash	1000000	16	0.001	0.209175250673
8681	mash	1000	1	0.01	0.630529752692
8681	mash	10000	1	0.01	0.666773721094
8681	mash	1000000	1	0.01	0.674411255302
8681	mash	1000	2	0.01	0.784903894964
8681	mash	10000	2	0.01	0.823539839074
8681	mash	1000000	2	0.01	0.825288866187
8681	mash	1000	4	0.01	0.792021245379
8681	mash	10000	4	0.01	0.834319604535
8681	mash	1000000	4	0.01	0.831479252568
8681	mash	1000	8	0.01	0.783307841986
8681	mash	10000	8	0.01	0.814299443584
8681	mash	1000000	8	0.01	0.81451152696
8681	mash	1000	16	0.01	0.505577395682
8681	mash	10000	16	0.01	0.521289473476
8681	mash	1000000	16	0.01	0.52154521576
8681	mash	1000	32	0.01	0.696994486471
8681	mash	10000	32	0.01	0.729326614346
8681	mash	1000000	32	0.01	0.730051557934
8681	mash	1000	64	0.01	0.535720430214
8681	mash	10000	64	0.01	0.548758228023
8681	mash	1000000	64	0.01	0.553888281167
8681	mash	1000	128	0.01	0.571932032747
8681	mash	10000	128	0.01	0.582623646727
8681	mash	1000000	128	0.01	0.588231761196
8681	mash	1000	16	0.2	0.814432492876
8681	mash	10000	16	0.2	0.913185792115
8681	mash	1000000	16	0.2	0.91917509843
8681	mash	1000	16	0.1	0.830178782935
8681	mash	10000	16	0.1	0.866315701814
8681	mash	1000000	16	0.1	0.869644959664
8681	mash	1000	16	0.05	0.893830361701
8681	mash	10000	16	0.05	0.901688716193
8681	mash	1000000	16	0.05	0.893975821381
8681	mash	1000	16	0.02	0.798996594523
8681	mash	10000	16	0.02	0.788506637349
8681	mash	1000000	16	0.02	0.779419845542
8681	mash	1000	16	0.005	0.372886217518
8681	mash	10000	16	0.005	0.355585320537
8681	mash	1000000	16	0.005	0.355885230851
8681	mash	1000	16	0.002	0.212685262776
8681	mash	10000	16	0.002	0.21663050819
8681	mash	1000000	16	0.002	0.205463249396
8681	mash	1000	16	0.001	-0.00446113936272
8681	mash	10000	16	0.001	0.0286804668179
8681	mash	1000000	16	0.001	0.0271196521774
2314	mash	1000	1	0.01	0.544197767032
2314	mash	10000	1	0.01	0.522471789182
2314	mash	1000000	1	0.01	0.521517134944
2314	mash	1000	2	0.01	0.781256321484
2314	mash	10000	2	0.01	0.783178036146
2314	mash	1000000	2	0.01	0.786121821074
2314	mash	1000	4	0.01	0.831862875214
2314	mash	10000	4	0.01	0.814459001945
2314	mash	1000000	4	0.01	0.829712743224
2314	mash	1000	8	0.01	0.791737565632
2314	mash	10000	8	0.01	0.788052051052
2314	mash	1000000	8	0.01	0.79922323103
2314	mash	1000	16	0.01	0.533805346122
2314	mash	10000	16	0.01	0.524576194963
2314	mash	1000000	16	0.01	0.526116346942
2314	mash	1000	32	0.01	0.481669702229
2314	mash	10000	32	0.01	0.500431340242
2314	mash	1000000	32	0.01	0.504508584557
2314	mash	1000	64	0.01	0.619657378688
2314	mash	10000	64	0.01	0.617314573518
2314	mash	1000000	64	0.01	0.620315066147
2314	mash	1000	128	0.01	0.505486142285
2314	mash	10000	128	0.01	0.513747036946
2314	mash	1000000	128	0.01	0.514123678207
2314	mash	1000	16	0.2	0.882880740986
2314	mash	10000	16	0.2	0.853189275257
2314	mash	1000000	16	0.2	0.856145588734
2314	mash	1000	16	0.1	0.785608778417
2314	mash	10000	16	0.1	0.841817940271
2314	mash	1000000	16	0.1	0.84815814123
2314	mash	1000	16	0.05	0.845982286964
2314	mash	10000	16	0.05	0.811669633609
2314	mash	1000000	16	0.05	0.816553407853
2314	mash	1000	16	0.02	0.671709492986
2314	mash	10000	16	0.02	0.646546281237
2314	mash	1000000	16	0.02	0.652488754947
2314	mash	1000	16	0.005	0.481844250628
2314	mash	10000	16	0.005	0.452544424779
2314	mash	1000000	16	0.005	0.452271328699
2314	mash	1000	16	0.002	0.219388559203
2314	mash	10000	16	0.002	0.189846550961
2314	mash	1000000	16	0.002	0.196455536466
2314	mash	1000	16	0.001	0.0824478890122
2314	mash	10000	16	0.001	0.0954963013818
2314	mash	1000000	16	0.001	0.0927249679867
9580	mash	1000	1	0.01	0.753319834464
9580	mash	10000	1	0.01	0.734795829174
9580	mash	1000000	1	0.01	0.728599677684
9580	mash	1000	2	0.01	0.800834937027
9580	mash	10000	2	0.01	0.803740064227
9580	mash	1000000	2	0.01	0.803393418545
9580	mash	1000	4	0.01	0.804245024932
9580	mash	10000	4	0.01	0.813140894937
9580	mash	1000000	4	0.01	0.80494272015
9580	mash	1000	8	0.01	0.766718203229
9580	mash	10000	8	0.01	0.765790689739
9580	mash	1000000	8	0.01	0.764791379622
9580	mash	1000	16	0.01	0.58279549815
9580	mash	10000	16	0.01	0.5748060742
9580	mash	1000000	16	0.01	0.591179413249
9580	mash	1000	32	0.01	0.697025817854
9580	mash	10000	32	0.01	0.691671565854
9580	mash	1000000	32	0.01	0.696661309431
9580	mash	1000	64	0.01	0.652654602013
9580	mash	10000	64	0.01	0.654706806727
9580	mash	1000000	64	0.01	0.653738556218
9580	mash	1000	128	0.01	0.692480517528
9580	mash	10000	128	0.01	0.701218445693
9580	mash	1000000	128	0.01	0.700617158358
9580	mash	1000	16	0.2	0.864889198657
9580	mash	10000	16	0.2	0.856339375709
9580	mash	1000000	16	0.2	0.831179680494
9580	mash	1000	16	0.1	0.825731076826
9580	mash	10000	16	0.1	0.841615384968
9580	mash	1000000	16	0.1	0.83231399902
9580	mash	1000	16	0.05	0.796302819553
9580	mash	10000	16	0.05	0.81660143671
9580	mash	1000000	16	0.05	0.822521453276
9580	mash	1000	16	0.02	0.766272495111
9580	mash	10000	16	0.02	0.75980415667
9580	mash	1000000	16	0.02	0.758659305527
9580	mash	1000	16	0.005	0.386160936879
9580	mash	10000	16	0.005	0.402152953611
9580	mash	1000000	16	0.005	0.400510263067
9580	mash	1000	16	0.002	0.242145005754
9580	mash	10000	16	0.002	0.258638626705
9580	mash	1000000	16	0.002	0.267170162488
9580	mash	1000	16	0.001	0.0238612462023
9580	mash	10000	16	0.001	0.0331760563184
9580	mash	1000000	16	0.001	0.0344999559583
7438	mash	1000	1	0.01	0.642166721803
7438	mash	10000	1	0.01	0.640238880864
7438	mash	1000000	1	0.01	0.644248425306
7438	mash	1000	2	0.01	0.6353908435
7438	mash	10000	2	0.01	0.678516544639
7438	mash	1000000	2	0.01	0.67730726522
7438	mash	1000	4	0.01	0.862429405091
7438	mash	10000	4	0.01	0.870795472
7438	mash	1000000	4	0.01	0.867855541195
7438	mash	1000	8	0.01	0.817162129102
7438	mash	10000	8	0.01	0.818358065645
7438	mash	1000000	8	0.01	0.815494338323
7438	mash	1000	16	0.01	0.605640105941
7438	mash	10000	16	0.01	0.61472931558
7438	mash	1000000	16	0.01	0.597616757053
7438	mash	1000	32	0.01	0.736040402012
7438	mash	10000	32	0.01	0.734633250898
7438	mash	1000000	32	0.01	0.732840033237
7438	mash	1000	64	0.01	0.679759911514
7438	mash	10000	64	0.01	0.692184227102
7438	mash	1000000	64	0.01	0.684906499363
7438	mash	1000	128	0.01	0.676056447522
7438	mash	10000	128	0.01	0.681674779056
7438	mash	1000000	128	0.01	0.679722610041
7438	mash	1000	16	0.2	0.933783079233
7438	mash	10000	16	0.2	0.933246272236
7438	mash	1000000	16	0.2	0.950904695062
7438	mash	1000	16	0.1	0.923521965628
7438	mash	10000	16	0.1	0.91985774796
7438	mash	1000000	16	0.1	0.921282117448
7438	mash	1000	16	0.05	0.820821094778
7438	mash	10000	16	0.05	0.830043840113
7438	mash	1000000	16	0.05	0.828840147332
7438	mash	1000	16	0.02	0.727961960881
7438	mash	10000	16	0.02	0.721909649223
7438	mash	1000000	16	0.02	0.720457718052
7438	mash	1000	16	0.005	0.397213417585
7438	mash	10000	16	0.005	0.354044919942
7438	mash	1000000	16	0.005	0.351222752996
7438	mash	1000	16	0.002	0.14722124987
7438	mash	10000	16	0.002	0.171315521387
7438	mash	1000000	16	0.002	0.163560522933
7438	mash	1000	16	0.001	0.136228136314
7438	mash	10000	16	0.001	0.116841923088
7438	mash	1000000	16	0.001	0.118614568277
3086	mash	1000	1	0.01	0.540569629731
3086	mash	10000	1	0.01	0.53087054901
3086	mash	1000000	1	0.01	0.532531264008
3086	mash	1000	2	0.01	0.716221662809
3086	mash	10000	2	0.01	0.657040473487
3086	mash	1000000	2	0.01	0.657166017478
3086	mash	1000	4	0.01	0.787823981285
3086	mash	10000	4	0.01	0.712413219585
3086	mash	1000000	4	0.01	0.719910999329
3086	mash	1000	8	0.01	0.788876957789
3086	mash	10000	8	0.01	0.739577591414
3086	mash	1000000	8	0.01	0.742667998745
3086	mash	1000	16	0.01	0.369794375186
3086	mash	10000	16	0.01	0.339404780917
3086	mash	1000000	16	0.01	0.342532442213
3086	mash	1000	32	0.01	0.447942480375
3086	mash	10000	32	0.01	0.428047239583
3086	mash	1000000	32	0.01	0.434053564876
3086	mash	1000	64	0.01	0.469791073582
3086	mash	10000	64	0.01	0.479579312443
3086	mash	1000000	64	0.01	0.485545110325
3086	mash	1000	128	0.01	0.501064401311
3086	mash	10000	128	0.01	0.5020486209
3086	mash	1000000	128	0.01	0.49931041571
3086	mash	1000	16	0.2	0.870624408885
3086	mash	10000	16	0.2	0.896178564768
3086	mash	1000000	16	0.2	0.87428420799
3086	mash	1000	16	0.1	0.815361771013
3086	mash	10000	16	0.1	0.866240197677
3086	mash	1000000	16	0.1	0.873828050282
3086	mash	1000	16	0.05	0.776977855714
3086	mash	10000	16	0.05	0.770423165179
3086	mash	1000000	16	0.05	0.763274231854
3086	mash	1000	16	0.02	0.471590768526
3086	mash	10000	16	0.02	0.496073155103
3086	mash	1000000	16	0.02	0.502926419131
3086	mash	1000	16	0.005	0.204788729245
3086	mash	10000	16	0.005	0.20266481369
3086	mash	1000000	16	0.005	0.205442837838
3086	mash	1000	16	0.002	0.166774031981
3086	mash	10000	16	0.002	0.163307383009
3086	mash	1000000	16	0.002	0.157756132615
3086	mash	1000	16	0.001	0.0366732932944
3086	mash	10000	16	0.001	0.026882214479
3086	mash	1000000	16	0.001	0.0260628858829
8658	mash	1000	1	0.01	0.49023063203
8658	mash	10000	1	0.01	0.491102037145
8658	mash	1000000	1	0.01	0.478793469095
8658	mash	1000	2	0.01	0.543772534696
8658	mash	10000	2	0.01	0.538533588884
8658	mash	1000000	2	0.01	0.529765449054
8658	mash	1000	4	0.01	0.623337014798
8658	mash	10000	4	0.01	0.588446307113
8658	mash	1000000	4	0.01	0.566638052071
8658	mash	1000	8	0.01	0.686197228618
8658	mash	10000	8	0.01	0.660932459698
8658	mash	1000000	8	0.01	0.625814038544
8658	mash	1000	16	0.01	0.361957414918
8658	mash	10000	16	0.01	0.342648430863
8658	mash	1000000	16	0.01	0.332871939592
8658	mash	1000	32	0.01	0.425167048477
8658	mash	10000	32	0.01	0.375585062126
8658	mash	1000000	32	0.01	0.368059042792
8658	mash	1000	64	0.01	0.530947403326
8658	mash	10000	64	0.01	0.502334573209
8658	mash	1000000	64	0.01	0.495724479176
8658	mash	1000	128	0.01	0.41664815051
8658	mash	10000	128	0.01	0.38552827905
8658	mash	1000000	128	0.01	0.378461365281
8658	mash	1000	16	0.2	0.61030621835
8658	mash	10000	16	0.2	0.634831312173
8658	mash	1000000	16	0.2	0.653807362887
8658	mash	1000	16	0.1	0.652091400044
8658	mash	10000	16	0.1	0.678521717292
8658	mash	1000000	16	0.1	0.72169230604
8658	mash	1000	16	0.05	0.591044013613
8658	mash	10000	16	0.05	0.630960697673
8658	mash	1000000	16	0.05	0.665598979213
8658	mash	1000	16	0.02	0.386735811925
8658	mash	10000	16	0.02	0.376541529822
8658	mash	1000000	16	0.02	0.379011528732
8658	mash	1000	16	0.005	0.242757128844
8658	mash	10000	16	0.005	0.228870250698
8658	mash	1000000	16	0.005	0.230271407644
8658	mash	1000	16	0.002	0.11758979223
8658	mash	10000	16	0.002	0.118737900154
8658	mash	1000000	16	0.002	0.111303504396
8658	mash	1000	16	0.001	0.100124101722
8658	mash	10000	16	0.001	0.100299961311
8658	mash	1000000	16	0.001	0.0979436295894
787	mash	1000	1	0.01	0.593430040617
787	mash	10000	1	0.01	0.607593333076
787	mash	1000000	1	0.01	0.600116702569
787	mash	1000	2	0.01	0.836447743491
787	mash	10000	2	0.01	0.842667130544
787	mash	1000000	2	0.01	0.841057398206
787	mash	1000	4	0.01	0.830354393162
787	mash	10000	4	0.01	0.823241013949
787	mash	1000000	4	0.01	0.819099981325
787	mash	1000	8	0.01	0.779638107281
787	mash	10000	8	0.01	0.785642971697
787	mash	1000000	8	0.01	0.78078053472
787	mash	1000	16	0.01	0.432837664399
787	mash	10000	16	0.01	0.436881692836
787	mash	1000000	16	0.01	0.427314703729
787	mash	1000	32	0.01	0.658179177562
787	mash	10000	32	0.01	0.686380375593
787	mash	1000000	32	0.01	0.689633079803
787	mash	1000	64	0.01	0.652480305173
787	mash	10000	64	0.01	0.679532325943
787	mash	1000000	64	0.01	0.683098525077
787	mash	1000	128	0.01	0.675230689823
787	mash	10000	128	0.01	0.701505839777
787	mash	1000000	128	0.01	0.706437011752
787	mash	1000	16	0.2	0.912970177742
787	mash	10000	16	0.2	0.911118717413
787	mash	1000000	16	0.2	0.855081769078
787	mash	1000	16	0.1	0.897855033929
787	mash	10000	16	0.1	0.912131029457
787	mash	1000000	16	0.1	0.87694822232
787	mash	1000	16	0.05	0.82511194626
787	mash	10000	16	0.05	0.836852934397
787	mash	1000000	16	0.05	0.8306667863
787	mash	1000	16	0.02	0.701344950977
787	mash	10000	16	0.02	0.703247831926
787	mash	1000000	16	0.02	0.703819428509
787	mash	1000	16	0.005	0.268070226507
787	mash	10000	16	0.005	0.294697976927
787	mash	1000000	16	0.005	0.283240839761
787	mash	1000	16	0.002	0.062428276296
787	mash	10000	16	0.002	0.0944791588366
787	mash	1000000	16	0.002	0.105295932638
787	mash	1000	16	0.001	0.0413673116516
787	mash	10000	16	0.001	0.0234832523829
787	mash	1000000	16	0.001	0.0218888047186
9875	mash	1000	1	0.01	0.68220549542
9875	mash	10000	1	0.01	0.70560376534
9875	mash	1000000	1	0.01	0.710676425239
9875	mash	1000	2	0.01	0.865695945687
9875	mash	10000	2	0.01	0.871420556605
9875	mash	1000000	2	0.01	0.873953195207
9875	mash	1000	4	0.01	0.88720089252
9875	mash	10000	4	0.01	0.888809454675
9875	mash	1000000	4	0.01	0.893460214375
9875	mash	1000	8	0.01	0.883139925343
9875	mash	10000	8	0.01	0.871276570934
9875	mash	1000000	8	0.01	0.874435321221
9875	mash	1000	16	0.01	0.577447823447
9875	mash	10000	16	0.01	0.522665192975
9875	mash	1000000	16	0.01	0.535382584395
9875	mash	1000	32	0.01	0.60668681596
9875	mash	10000	32	0.01	0.60050981039
9875	mash	1000000	32	0.01	0.610501137443
9875	mash	1000	64	0.01	0.582327003852
9875	mash	10000	64	0.01	0.596810837915
9875	mash	1000000	64	0.01	0.600512798317
9875	mash	1000	128	0.01	0.609625037049
9875	mash	10000	128	0.01	0.648406569968
9875	mash	1000000	128	0.01	0.648876820694
9875	mash	1000	16	0.2	0.952329227044
9875	mash	10000	16	0.2	0.942505821181
9875	mash	1000000	16	0.2	0.957168549438
9875	mash	1000	16	0.1	0.918350044855
9875	mash	10000	16	0.1	0.909626582155
9875	mash	1000000	16	0.1	0.91886106494
9875	mash	1000	16	0.05	0.911983386313
9875	mash	10000	16	0.05	0.908988477858
9875	mash	1000000	16	0.05	0.910218976876
9875	mash	1000	16	0.02	0.766102601791
9875	mash	10000	16	0.02	0.755109935969
9875	mash	1000000	16	0.02	0.756040110738
9875	mash	1000	16	0.005	0.455323593753
9875	mash	10000	16	0.005	0.434784851678
9875	mash	1000000	16	0.005	0.437358985735
9875	mash	1000	16	0.002	0.279190968978
9875	mash	10000	16	0.002	0.294002821955
9875	mash	1000000	16	0.002	0.300078663253
9875	mash	1000	16	0.001	0.246263858293
9875	mash	10000	16	0.001	0.237669786038
9875	mash	1000000	16	0.001	0.233112871348
6901	mash	1000	1	0.01	0.748277910954
6901	mash	10000	1	0.01	0.748348586987
6901	mash	1000000	1	0.01	0.751679406343
6901	mash	1000	2	0.01	0.838719187429
6901	mash	10000	2	0.01	0.843904195812
6901	mash	1000000	2	0.01	0.842204075708
6901	mash	1000	4	0.01	0.860022030096
6901	mash	10000	4	0.01	0.869784390522
6901	mash	1000000	4	0.01	0.872117361288
6901	mash	1000	8	0.01	0.860128484299
6901	mash	10000	8	0.01	0.84357070262
6901	mash	1000000	8	0.01	0.847508645872
6901	mash	1000	16	0.01	0.528724152341
6901	mash	10000	16	0.01	0.519984272754
6901	mash	1000000	16	0.01	0.524205810214
6901	mash	1000	32	0.01	0.671219408392
6901	mash	10000	32	0.01	0.662426015293
6901	mash	1000000	32	0.01	0.660675481372
6901	mash	1000	64	0.01	0.571157456142
6901	mash	10000	64	0.01	0.580671095054
6901	mash	1000000	64	0.01	0.573192529048
6901	mash	1000	128	0.01	0.632420601213
6901	mash	10000	128	0.01	0.629368193917
6901	mash	1000000	128	0.01	0.613787193924
6901	mash	1000	16	0.2	0.850324734729
6901	mash	10000	16	0.2	0.889165033388
6901	mash	1000000	16	0.2	0.897131285969
6901	mash	1000	16	0.1	0.897544853223
6901	mash	10000	16	0.1	0.903138437631
6901	mash	1000000	16	0.1	0.877961780901
6901	mash	1000	16	0.05	0.845757103484
6901	mash	10000	16	0.05	0.86045137143
6901	mash	1000000	16	0.05	0.867131683275
6901	mash	1000	16	0.02	0.737801074546
6901	mash	10000	16	0.02	0.712565395594
6901	mash	1000000	16	0.02	0.710184371457
6901	mash	1000	16	0.005	0.216982013549
6901	mash	10000	16	0.005	0.211209463664
6901	mash	1000000	16	0.005	0.208403292161
6901	mash	1000	16	0.002	0.219908216407
6901	mash	10000	16	0.002	0.211766374064
6901	mash	1000000	16	0.002	0.20619696068
6901	mash	1000	16	0.001	0.156714620325
6901	mash	10000	16	0.001	0.158179121522
6901	mash	1000000	16	0.001	0.163993495712
9142	mash	1000	1	0.01	0.762921656489
9142	mash	10000	1	0.01	0.777537189865
9142	mash	1000000	1	0.01	0.77221174049
9142	mash	1000	2	0.01	0.70404440492
9142	mash	10000	2	0.01	0.714728416935
9142	mash	1000000	2	0.01	0.715300058751
9142	mash	1000	4	0.01	0.777584756405
9142	mash	10000	4	0.01	0.770169803519
9142	mash	1000000	4	0.01	0.761631209514
9142	mash	1000	8	0.01	0.830198323646
9142	mash	10000	8	0.01	0.837014443761
9142	mash	1000000	8	0.01	0.835157372648
9142	mash	1000	16	0.01	0.465190030989
9142	mash	10000	16	0.01	0.502385128941
9142	mash	1000000	16	0.01	0.486450586974
9142	mash	1000	32	0.01	0.659796630985
9142	mash	10000	32	0.01	0.648410436517
9142	mash	1000000	32	0.01	0.649985862653
9142	mash	1000	64	0.01	0.636849474625
9142	mash	10000	64	0.01	0.658066908359
9142	mash	1000000	64	0.01	0.651998365755
9142	mash	1000	128	0.01	0.634838285682
9142	mash	10000	128	0.01	0.659209938712
9142	mash	1000000	128	0.01	0.659844432691
9142	mash	1000	16	0.2	0.890303968123
9142	mash	10000	16	0.2	0.830309296219
9142	mash	1000000	16	0.2	0.874022918723
9142	mash	1000	16	0.1	0.84529560791
9142	mash	10000	16	0.1	0.917739273262
9142	mash	1000000	16	0.1	0.91455346792
9142	mash	1000	16	0.05	0.813909352379
9142	mash	10000	16	0.05	0.809130167442
9142	mash	1000000	16	0.05	0.823445191924
9142	mash	1000	16	0.02	0.738955603466
9142	mash	10000	16	0.02	0.734927080561
9142	mash	1000000	16	0.02	0.735896258916
9142	mash	1000	16	0.005	0.584148678435
9142	mash	10000	16	0.005	0.571124064279
9142	mash	1000000	16	0.005	0.572045317368
9142	mash	1000	16	0.002	0.299419277778
9142	mash	10000	16	0.002	0.317025024394
9142	mash	1000000	16	0.002	0.320031354939
9142	mash	1000	16	0.001	-0.0245067676116
9142	mash	10000	16	0.001	-0.0207615564528
9142	mash	1000000	16	0.001	-0.0175645259302
1269	mash	1000	1	0.01	0.689085758114
1269	mash	10000	1	0.01	0.677710741061
1269	mash	1000000	1	0.01	0.680972724724
1269	mash	1000	2	0.01	0.778003863574
1269	mash	10000	2	0.01	0.765416593157
1269	mash	1000000	2	0.01	0.768879969261
1269	mash	1000	4	0.01	0.817673039238
1269	mash	10000	4	0.01	0.800754946948
1269	mash	1000000	4	0.01	0.794985561303
1269	mash	1000	8	0.01	0.846584774598
1269	mash	10000	8	0.01	0.83033770283
1269	mash	1000000	8	0.01	0.828464153619
1269	mash	1000	16	0.01	0.546469668827
1269	mash	10000	16	0.01	0.53379552692
1269	mash	1000000	16	0.01	0.534360322174
1269	mash	1000	32	0.01	0.538926138641
1269	mash	10000	32	0.01	0.542924946666
1269	mash	1000000	32	0.01	0.542977134632
1269	mash	1000	64	0.01	0.549216096472
1269	mash	10000	64	0.01	0.589126071419
1269	mash	1000000	64	0.01	0.575590888405
1269	mash	1000	128	0.01	0.640204120772
1269	mash	10000	128	0.01	0.678462446361
1269	mash	1000000	128	0.01	0.668909662537
1269	mash	1000	16	0.2	0.915877833638
1269	mash	10000	16	0.2	0.904876503954
1269	mash	1000000	16	0.2	0.821782005723
1269	mash	1000	16	0.1	0.853750728978
1269	mash	10000	16	0.1	0.886392599682
1269	mash	1000000	16	0.1	0.878706899245
1269	mash	1000	16	0.05	0.863338038576
1269	mash	10000	16	0.05	0.855097488493
1269	mash	1000000	16	0.05	0.842654523218
1269	mash	1000	16	0.02	0.721677354962
1269	mash	10000	16	0.02	0.696159428374
1269	mash	1000000	16	0.02	0.684501016823
1269	mash	1000	16	0.005	0.326432905683
1269	mash	10000	16	0.005	0.351267227715
1269	mash	1000000	16	0.005	0.343185765103
1269	mash	1000	16	0.002	0.171778665891
1269	mash	10000	16	0.002	0.161737294163
1269	mash	1000000	16	0.002	0.161810806717
1269	mash	1000	16	0.001	0.102081452465
1269	mash	10000	16	0.001	0.107172496837
1269	mash	1000000	16	0.001	0.108495634743
8056	mash	1000	1	0.01	0.786855546351
8056	mash	10000	1	0.01	0.795733694754
8056	mash	1000000	1	0.01	0.794014015363
8056	mash	1000	2	0.01	0.821828668401
8056	mash	10000	2	0.01	0.82323990597
8056	mash	1000000	2	0.01	0.840395136694
8056	mash	1000	4	0.01	0.861967276166
8056	mash	10000	4	0.01	0.859346500204
8056	mash	1000000	4	0.01	0.867302677233
8056	mash	1000	8	0.01	0.849459067335
8056	mash	10000	8	0.01	0.842443457303
8056	mash	1000000	8	0.01	0.848745545647
8056	mash	1000	16	0.01	0.416729848584
8056	mash	10000	16	0.01	0.41193112029
8056	mash	1000000	16	0.01	0.415376110785
8056	mash	1000	32	0.01	0.729241976967
8056	mash	10000	32	0.01	0.726586177106
8056	mash	1000000	32	0.01	0.729053830536
8056	mash	1000	64	0.01	0.653775042081
8056	mash	10000	64	0.01	0.622717198972
8056	mash	1000000	64	0.01	0.632825876751
8056	mash	1000	128	0.01	0.483966174883
8056	mash	10000	128	0.01	0.481166212879
8056	mash	1000000	128	0.01	0.47566300616
8056	mash	1000	16	0.2	0.937300238832
8056	mash	10000	16	0.2	0.909002884969
8056	mash	1000000	16	0.2	0.897873578081
8056	mash	1000	16	0.1	0.895231819421
8056	mash	10000	16	0.1	0.911231262636
8056	mash	1000000	16	0.1	0.902598082102
8056	mash	1000	16	0.05	0.9136833114
8056	mash	10000	16	0.05	0.912133399479
8056	mash	1000000	16	0.05	0.907785719621
8056	mash	1000	16	0.02	0.718396860823
8056	mash	10000	16	0.02	0.738358449944
8056	mash	1000000	16	0.02	0.734381935098
8056	mash	1000	16	0.005	0.583194798761
8056	mash	10000	16	0.005	0.598254214841
8056	mash	1000000	16	0.005	0.598638666887
8056	mash	1000	16	0.002	0.182860448124
8056	mash	10000	16	0.002	0.157427200646
8056	mash	1000000	16	0.002	0.154849010689
8056	mash	1000	16	0.001	0.175807959378
8056	mash	10000	16	0.001	0.18360030342
8056	mash	1000000	16	0.001	0.186594713572
8248	mash	1000	1	0.01	0.785437544402
8248	mash	10000	1	0.01	0.765107420492
8248	mash	1000000	1	0.01	0.763331428644
8248	mash	1000	2	0.01	0.858027513065
8248	mash	10000	2	0.01	0.837619518841
8248	mash	1000000	2	0.01	0.835801702836
8248	mash	1000	4	0.01	0.861282593461
8248	mash	10000	4	0.01	0.840799768407
8248	mash	1000000	4	0.01	0.842800933314
8248	mash	1000	8	0.01	0.851419490155
8248	mash	10000	8	0.01	0.847027668062
8248	mash	1000000	8	0.01	0.844975038688
8248	mash	1000	16	0.01	0.548240000588
8248	mash	10000	16	0.01	0.545180959345
8248	mash	1000000	16	0.01	0.53474923839
8248	mash	1000	32	0.01	0.712195627546
8248	mash	10000	32	0.01	0.721274051076
8248	mash	1000000	32	0.01	0.711760130426
8248	mash	1000	64	0.01	0.462620209847
8248	mash	10000	64	0.01	0.46224813807
8248	mash	1000000	64	0.01	0.452803403826
8248	mash	1000	128	0.01	0.553046182045
8248	mash	10000	128	0.01	0.564472988517
8248	mash	1000000	128	0.01	0.567036927235
8248	mash	1000	16	0.2	0.882115720275
8248	mash	10000	16	0.2	0.919030569206
8248	mash	1000000	16	0.2	0.940491419184
8248	mash	1000	16	0.1	0.881911120179
8248	mash	10000	16	0.1	0.913219234392
8248	mash	1000000	16	0.1	0.919904789063
8248	mash	1000	16	0.05	0.828665025756
8248	mash	10000	16	0.05	0.869934604871
8248	mash	1000000	16	0.05	0.869319125368
8248	mash	1000	16	0.02	0.663107036629
8248	mash	10000	16	0.02	0.717999656726
8248	mash	1000000	16	0.02	0.724733743293
8248	mash	1000	16	0.005	0.43267215088
8248	mash	10000	16	0.005	0.42537945937
8248	mash	1000000	16	0.005	0.427391391756
8248	mash	1000	16	0.002	0.10233514119
8248	mash	10000	16	0.002	0.108285727334
8248	mash	1000000	16	0.002	0.114266488583
8248	mash	1000	16	0.001	0.123090568248
8248	mash	10000	16	0.001	0.114801960702
8248	mash	1000000	16	0.001	0.119010195435
7643	mash	1000	1	0.01	0.723027468812
7643	mash	10000	1	0.01	0.709015366427
7643	mash	1000000	1	0.01	0.715352744355
7643	mash	1000	2	0.01	0.834401632249
7643	mash	10000	2	0.01	0.841223627041
7643	mash	1000000	2	0.01	0.838269283731
7643	mash	1000	4	0.01	0.847274179654
7643	mash	10000	4	0.01	0.840444030259
7643	mash	1000000	4	0.01	0.842240726659
7643	mash	1000	8	0.01	0.857755034502
7643	mash	10000	8	0.01	0.855884578975
7643	mash	1000000	8	0.01	0.861181774581
7643	mash	1000	16	0.01	0.485463708636
7643	mash	10000	16	0.01	0.474680342838
7643	mash	1000000	16	0.01	0.475730185288
7643	mash	1000	32	0.01	0.698929116122
7643	mash	10000	32	0.01	0.660970879797
7643	mash	1000000	32	0.01	0.661714197991
7643	mash	1000	64	0.01	0.56404663015
7643	mash	10000	64	0.01	0.57952439392
7643	mash	1000000	64	0.01	0.582772025897
7643	mash	1000	128	0.01	0.718103736744
7643	mash	10000	128	0.01	0.708303576454
7643	mash	1000000	128	0.01	0.716805619428
7643	mash	1000	16	0.2	0.914539058462
7643	mash	10000	16	0.2	0.943691947643
7643	mash	1000000	16	0.2	0.917877361568
7643	mash	1000	16	0.1	0.935768901697
7643	mash	10000	16	0.1	0.932904140096
7643	mash	1000000	16	0.1	0.929171952442
7643	mash	1000	16	0.05	0.820955555708
7643	mash	10000	16	0.05	0.827267390832
7643	mash	1000000	16	0.05	0.828570454307
7643	mash	1000	16	0.02	0.66709719593
7643	mash	10000	16	0.02	0.663729060148
7643	mash	1000000	16	0.02	0.657703717119
7643	mash	1000	16	0.005	0.407066587638
7643	mash	10000	16	0.005	0.386091067119
7643	mash	1000000	16	0.005	0.385904012416
7643	mash	1000	16	0.002	0.229819898449
7643	mash	10000	16	0.002	0.235176376261
7643	mash	1000000	16	0.002	0.23844666532
7643	mash	1000	16	0.001	0.0816390979713
7643	mash	10000	16	0.001	0.0786889342869
7643	mash	1000000	16	0.001	0.0805058698761
4223	mash	1000	1	0.01	0.629660959065
4223	mash	10000	1	0.01	0.652334452689
4223	mash	1000000	1	0.01	0.656457161187
4223	mash	1000	2	0.01	0.628184485804
4223	mash	10000	2	0.01	0.619991608467
4223	mash	1000000	2	0.01	0.629181586144
4223	mash	1000	4	0.01	0.836019742864
4223	mash	10000	4	0.01	0.829676375499
4223	mash	1000000	4	0.01	0.838790300005
4223	mash	1000	8	0.01	0.782827319771
4223	mash	10000	8	0.01	0.773778109011
4223	mash	1000000	8	0.01	0.774321556348
4223	mash	1000	16	0.01	0.535836388254
4223	mash	10000	16	0.01	0.522319815746
4223	mash	1000000	16	0.01	0.510531349871
4223	mash	1000	32	0.01	0.525286260824
4223	mash	10000	32	0.01	0.519114999615
4223	mash	1000000	32	0.01	0.512884563453
4223	mash	1000	64	0.01	0.643853334869
4223	mash	10000	64	0.01	0.65466852523
4223	mash	1000000	64	0.01	0.660666981225
4223	mash	1000	128	0.01	0.508724997126
4223	mash	10000	128	0.01	0.493436984077
4223	mash	1000000	128	0.01	0.492977292433
4223	mash	1000	16	0.2	0.902992427668
4223	mash	10000	16	0.2	0.91969350666
4223	mash	1000000	16	0.2	0.929625345499
4223	mash	1000	16	0.1	0.898215017255
4223	mash	10000	16	0.1	0.898415509775
4223	mash	1000000	16	0.1	0.898290468132
4223	mash	1000	16	0.05	0.836468787913
4223	mash	10000	16	0.05	0.843209296861
4223	mash	1000000	16	0.05	0.841835199711
4223	mash	1000	16	0.02	0.702815157318
4223	mash	10000	16	0.02	0.689807503637
4223	mash	1000000	16	0.02	0.694489118719
4223	mash	1000	16	0.005	0.323349911365
4223	mash	10000	16	0.005	0.328338808289
4223	mash	1000000	16	0.005	0.331009504125
4223	mash	1000	16	0.002	0.112704227068
4223	mash	10000	16	0.002	0.119802918406
4223	mash	1000000	16	0.002	0.120744224135
4223	mash	1000	16	0.001	0.201864160023
4223	mash	10000	16	0.001	0.212650274161
4223	mash	1000000	16	0.001	0.215713101606
